route_id,source_airport_id,destination_airport_id,num_stops,distance
0,3253,6972,7,129.463900295
1,3253,6972,9,129.522843846
2,3253,6972,10,129.529393749
3,3253,4026,10,202.217963583
4,3253,4026,11,202.218185262
5,3253,4026,11,202.219241316
6,3253,1869,13,197.904982448
7,3253,1869,14,197.91722396
8,3253,1869,14,197.932096269
9,3253,4024,10,187.479934397
10,3253,4024,11,187.518112555
11,3253,4024,12,187.760850464
12,3253,4025,10,203.034155234
13,3253,4025,11,203.034376912
14,3253,4025,11,203.035432967
15,3253,4022,10,165.827835571
16,3253,4022,11,165.85975908
17,3253,4022,11,165.86601373
18,3253,4023,10,186.621926316
19,3253,4023,11,186.622060059
20,3253,4023,12,186.631511523
21,3253,4020,10,165.692283146
22,3253,4020,11,165.724206655
23,3253,4020,11,165.730461305
24,3253,4021,10,166.717585676
25,3253,4021,11,166.749509185
26,3253,4021,11,166.755763835
27,3253,4028,10,182.179475613
28,3253,4028,11,182.217653771
29,3253,4028,10,182.745026976
30,3253,4029,4,108.871752662
31,3253,4029,5,109.042995287
32,3253,4029,6,109.065791274
33,3253,5980,6,50.8210227828
34,3253,5980,7,51.1399691034
35,3253,5980,7,51.3750262657
36,3253,5984,5,47.588281356
37,3253,5984,6,47.9072276766
38,3253,5984,6,48.8508375904
39,3253,344,5,132.26711529
40,3253,344,6,132.279200001
41,3253,344,7,132.279348223
42,3253,345,5,132.802576449
43,3253,345,5,132.810119986
44,3253,345,6,132.810268209
45,3253,346,4,126.987776205
46,3253,346,5,126.999860915
47,3253,346,6,127.000009138
48,3253,347,5,128.151928212
49,3253,347,6,128.157469269
50,3253,347,6,128.185430756
51,3253,340,4,130.615350719
52,3253,340,5,130.615523108
53,3253,340,5,130.620626186
54,3253,341,5,132.56584573
55,3253,341,6,132.57793044
56,3253,341,7,132.578078663
57,3253,342,5,131.157923834
58,3253,342,6,131.157985258
59,3253,342,6,131.163464892
60,3253,3998,7,133.250946475
61,3253,3998,6,133.290771112
62,3253,3998,7,133.291635223
63,3253,3997,6,196.804882515
64,3253,3997,10,197.012603792
65,3253,3997,11,197.0133376
66,3253,3995,6,196.37537858
67,3253,3995,10,196.583099857
68,3253,3995,11,196.583833665
69,3253,3994,8,35.0046673007
70,3253,3994,9,35.0428454592
71,3253,3994,9,35.962982024
72,3253,348,5,128.069698827
73,3253,348,6,128.075239885
74,3253,348,6,128.100618287
75,3253,3992,8,53.8695566607
76,3253,3992,9,53.9077348191
77,3253,3992,9,54.8278713839
78,3253,7519,8,42.5738458936
79,3253,7519,9,42.6598543706
80,3253,7519,9,43.5321606169
81,3253,3990,5,64.0477100844
82,3253,3990,6,64.366656405
83,3253,3990,6,64.7096608848
84,3253,3689,10,154.652037985
85,3253,3689,11,154.690216143
86,3253,3689,10,154.851882796
87,3253,6150,5,78.6749805086
88,3253,6150,6,78.8061778408
89,3253,6150,6,78.951044516
90,3253,6151,5,86.1190922942
91,3253,6151,6,86.2502896263
92,3253,6151,6,86.3951563015
93,3253,6152,5,85.028781184
94,3253,6152,6,85.1599785161
95,3253,6152,6,85.3048451913
96,3253,6153,5,80.5261629003
97,3253,6153,6,80.6573602325
98,3253,6153,6,80.8022269077
99,3253,6154,5,80.8166359274
100,3253,6154,6,80.9478332596
101,3253,6154,6,81.0926999348
102,3253,6156,8,107.797874375
103,3253,6156,9,107.798608183
104,3253,6156,8,107.921051805
105,3253,6157,6,113.624236888
106,3253,6157,7,113.647032875
107,3253,6157,8,113.762260415
108,3253,6159,7,119.225703543
109,3253,6159,8,119.248499531
110,3253,6159,9,119.363727071
111,3253,6794,5,61.9320977843
112,3253,6794,6,62.2510441049
113,3253,6794,6,63.2107985453
114,3253,6795,10,66.5244555872
115,3253,6795,10,66.5444278868
116,3253,6795,10,66.5550155272
117,3253,6792,6,64.1229285611
118,3253,6792,7,64.4418748817
119,3253,6792,7,65.4016293221
120,3253,6793,5,61.5988457811
121,3253,6793,6,61.9177921017
122,3253,6793,6,62.8775465421
123,3253,6790,7,92.1183797431
124,3253,6790,8,92.202820462
125,3253,6790,7,92.3594006273
126,3253,4027,10,163.715008636
127,3253,4027,11,163.746932145
128,3253,4027,11,163.753186794
129,3253,2316,10,64.3572942406
130,3253,2316,11,64.3954723991
131,3253,2316,10,65.0774488538
132,3253,2312,10,53.010017763
133,3253,2312,11,53.0481959215
134,3253,2312,9,53.2013756543
135,3253,2313,10,52.7273461387
136,3253,2313,11,52.7655242971
137,3253,2313,9,52.91870403
138,3253,2310,8,59.3113183253
139,3253,2310,9,59.3834006835
140,3253,2310,9,59.6102362767
141,3253,2311,9,66.4951848179
142,3253,2311,10,66.5333629763
143,3253,2311,10,67.1125206764
144,3253,5855,9,22.4775346977
145,3253,5855,10,22.4775814747
146,3253,5855,10,22.6361282805
147,3253,5857,11,194.300000022
148,3253,5857,12,194.300139628
149,3253,5857,12,194.316130929
150,3253,298,8,130.744203122
151,3253,298,9,130.745784999
152,3253,298,8,130.81564666
153,3253,299,6,143.314288361
154,3253,299,8,143.314740867
155,3253,299,7,143.31682406
156,3253,296,7,127.421652725
157,3253,296,8,127.421654664
158,3253,296,7,127.4350449
159,3253,295,7,122.84103539
160,3253,295,8,122.841037329
161,3253,295,8,122.863358327
162,3253,293,6,122.336962373
163,3253,293,8,122.395905924
164,3253,293,9,122.402455827
165,3253,290,7,126.628158379
166,3253,290,8,126.628160318
167,3253,290,7,126.641550554
168,3253,291,7,126.798913247
169,3253,291,8,126.798915186
170,3253,291,7,126.812305422
171,3253,3771,11,203.010745714
172,3253,3771,10,203.02748473
173,3253,3771,11,203.027706408
174,3253,3770,10,175.809438523
175,3253,3770,11,175.847616681
176,3253,3770,11,175.976984497
177,3253,3777,9,155.533525827
178,3253,3777,10,155.571703986
179,3253,3777,10,156.269873065
180,3253,3775,10,174.70518962
181,3253,3775,11,174.743367778
182,3253,3775,11,174.872735594
183,3253,3774,9,151.369745838
184,3253,3774,10,151.407923997
185,3253,3774,10,152.328060562
186,3253,270,5,123.551172954
187,3253,270,7,123.610116505
188,3253,270,8,123.616666408
189,3253,273,7,128.805459658
190,3253,273,8,128.903765197
191,3253,273,9,128.905347075
192,3253,6358,9,49.2220486832
193,3253,6358,9,49.2374423461
194,3253,6358,9,49.3495261846
195,3253,276,7,130.176755048
196,3253,276,9,130.2356986
197,3253,276,10,130.242248503
198,3253,277,7,130.932904351
199,3253,277,9,130.991847902
200,3253,277,10,130.998397805
201,3253,8208,10,194.542587663
202,3253,8208,11,194.542735886
203,3253,8208,12,194.54908939
204,3253,2268,10,39.9290120924
205,3253,2268,11,39.9671902509
206,3253,2268,10,40.4388376131
207,3253,2262,11,42.8191124462
208,3253,2262,12,42.8572906047
209,3253,2262,11,43.5141860908
210,3253,6190,5,35.4124029784
211,3253,6190,6,36.1543678662
212,3253,6190,6,37.7200609317
213,3253,2264,8,37.4897791663
214,3253,2264,9,37.5279573248
215,3253,2264,9,38.4480938896
216,3253,2442,6,195.161026085
217,3253,2442,7,195.178901137
218,3253,2442,7,195.470974973
219,3253,2443,6,198.250528448
220,3253,2443,7,198.992493336
221,3253,2443,7,199.770840377
222,3253,2440,6,196.0007839
223,3253,2440,7,196.742748788
224,3253,2440,9,197.768882709
225,3253,2441,7,198.882524635
226,3253,2441,8,198.900399687
227,3253,2441,8,199.192473524
228,3253,6193,5,37.2684225712
229,3253,6193,6,38.010387459
230,3253,6193,6,39.5760805245
231,3253,2103,8,89.337972298
232,3253,2103,8,89.3507869971
233,3253,2103,9,89.3511032944
234,3253,108,10,164.143569605
235,3253,108,11,164.181747763
236,3253,108,11,164.813196111
237,3253,109,11,171.488673165
238,3253,109,12,171.526851324
239,3253,109,12,171.628591625
240,3253,7863,8,117.787447137
241,3253,7863,9,117.788180946
242,3253,7863,8,117.910624567
243,3253,7862,7,48.3821990025
244,3253,7862,7,48.4873244692
245,3253,7862,8,48.7480684091
246,3253,100,10,195.749965027
247,3253,100,11,195.788143185
248,3253,100,10,195.791779478
249,3253,106,12,208.449061801
250,3253,106,13,208.455899591
251,3253,106,13,208.47194399
252,3253,105,12,189.311329141
253,3253,105,13,189.349507299
254,3253,105,14,189.464938603
255,3253,2046,6,86.839961477
256,3253,2046,7,87.1589077976
257,3253,2046,6,87.4824689948
258,3253,2047,6,84.4854106691
259,3253,2047,7,84.8043569897
260,3253,2047,7,85.1473614696
261,3253,3597,10,166.950473328
262,3253,3597,11,166.988651486
263,3253,3597,11,167.153285867
264,3253,2045,6,82.8334073671
265,3253,2045,7,83.1523536877
266,3253,2045,7,83.4953581675
267,3253,2042,5,83.5898837126
268,3253,2042,6,83.9088300332
269,3253,2042,5,84.2323912304
270,3253,2041,6,83.8320099171
271,3253,2041,7,84.1509562377
272,3253,2041,7,84.4939607175
273,3253,2048,5,77.660401858
274,3253,2048,6,77.7448425768
275,3253,2048,6,78.2995649014
276,3253,6378,5,49.6384034612
277,3253,6378,6,49.6492648661
278,3253,6378,6,49.6853885527
279,3253,6379,8,39.694192804
280,3253,6379,8,40.0283823601
281,3253,6379,9,40.1143908371
282,3253,6370,10,73.2915903029
283,3253,6370,11,74.2499050261
284,3253,6370,12,75.0948970235
285,3253,6371,9,68.803625635
286,3253,6371,10,69.7619403582
287,3253,6371,11,70.6069323556
288,3253,2104,5,86.65573563
289,3253,2104,6,86.6557365435
290,3253,2104,6,86.655883853
291,3253,6374,9,69.4242005663
292,3253,6374,10,70.3825152896
293,3253,6374,11,71.2275072869
294,3253,6375,7,50.5657250949
295,3253,6375,7,50.6708505616
296,3253,6375,8,50.9315945015
297,3253,6376,5,51.7193146214
298,3253,6376,6,51.7301760263
299,3253,6376,6,51.7662997129
300,3253,6377,5,50.3013771144
301,3253,6377,6,50.3122385193
302,3253,6377,6,50.3483622059
303,3253,4142,5,43.387962702
304,3253,4142,6,43.7538321086
305,3253,4142,6,44.1140578306
306,3253,9327,8,128.716816067
307,3253,9327,9,128.717524218
308,3253,9327,8,128.722423164
309,3253,1001,5,110.205623328
310,3253,1001,6,110.947588216
311,3253,1001,7,112.04022816
312,3253,8944,10,82.5422100357
313,3253,8944,10,82.5727699758
314,3253,8944,11,82.5869240244
315,3253,3513,10,176.037537911
316,3253,3513,11,176.07571607
317,3253,3513,11,176.995852634
318,3253,7266,11,173.219084249
319,3253,7266,12,173.257262407
320,3253,7266,12,173.260128882
321,3253,3517,11,200.690220381
322,3253,3517,12,200.704969848
323,3253,3517,12,200.720029797
324,3253,3515,10,190.755907969
325,3253,3515,11,190.794086127
326,3253,3515,10,190.838577503
327,3253,3514,9,113.190923648
328,3253,3514,10,113.229101807
329,3253,3514,10,113.411913953
330,3253,6204,4,19.6580687751
331,3253,6204,5,19.9770150957
332,3253,6204,5,20.9367695361
333,3253,2688,11,204.00570572
334,3253,2688,12,204.043883878
335,3253,2688,10,204.187993892
336,3253,6266,5,44.0322223749
337,3253,6266,6,44.170654545
338,3253,6266,5,44.8438666989
339,3253,2680,12,206.188580711
340,3253,2680,13,206.22675887
341,3253,2680,11,206.370868883
342,3253,6209,4,14.5354238982
343,3253,6209,4,17.8962771265
344,3253,6209,5,19.1749778875
345,3253,2683,12,206.466557073
346,3253,2683,13,206.504735231
347,3253,2683,11,206.648845245
348,3253,5407,6,61.8276332143
349,3253,5407,7,62.1465795349
350,3253,5407,7,63.1063339753
351,3253,3999,4,31.6599301484
352,3253,3999,5,31.978876469
353,3253,3999,5,32.4915038253
354,3253,6803,11,161.840396171
355,3253,6803,12,161.878574329
356,3253,6803,12,162.798710894
357,3253,6800,10,192.668065905
358,3253,6800,11,192.67136437
359,3253,6800,11,192.706244064
360,3253,9744,11,163.315850247
361,3253,9744,12,163.354028405
362,3253,9744,13,163.499532963
363,3253,9745,11,158.476110328
364,3253,9745,12,158.514288486
365,3253,9745,12,159.434425051
366,3253,9747,12,161.039054162
367,3253,9747,13,161.051587983
368,3253,9747,13,161.077232321
369,3253,9741,11,155.592813835
370,3253,9741,12,155.630991994
371,3253,9741,12,156.551128558
372,3253,9742,12,163.612450653
373,3253,9742,13,163.650628811
374,3253,9742,14,163.79613337
375,3253,91,13,196.88811223
376,3253,91,14,196.926290388
377,3253,90,10,169.372167634
378,3253,90,11,169.410345792
379,3253,90,11,169.512086094
380,3253,94,10,202.807315035
381,3253,94,11,202.808176335
382,3253,94,12,202.808757368
383,3253,1991,7,122.616133881
384,3253,1991,8,122.618499109
385,3253,1991,8,122.935080201
386,3253,1990,7,124.204017007
387,3253,1990,8,124.34649146
388,3253,1990,8,124.522963327
389,3253,3205,4,33.3253465421
390,3253,3205,5,34.0673114299
391,3253,3205,5,35.6330044954
392,3253,3204,5,36.0623069811
393,3253,3204,6,36.804271869
394,3253,3204,6,38.3699649344
395,3253,1627,9,161.828100802
396,3253,1627,8,161.867925439
397,3253,1627,9,161.86878955
398,3253,1626,6,144.205620255
399,3253,1626,8,144.234792387
400,3253,1626,9,144.234794326
401,3253,1997,6,72.1162233176
402,3253,1997,7,72.4351696382
403,3253,1997,7,73.3949240786
