route_id,source_airport_id,destination_airport_id,distance
0,3253,3250,2.5577919113
0,3250,3316,20.9329460909
0,3316,2072,67.9498818753
0,2072,999,25.9426157037
0,999,260,8.37635766155
0,260,6972,3.70430705202
1,3253,3250,2.5577919113
1,3250,3316,20.9329460909
1,3316,3135,28.6362274595
1,3135,3137,1.09333302871
1,3137,2072,38.2792649384
1,2072,999,25.9426157037
1,999,260,8.37635766155
1,260,6972,3.70430705202
2,3253,3250,2.5577919113
2,3250,3316,20.9329460909
2,3316,3135,28.6362274595
2,3135,3137,1.09333302871
2,3137,2195,22.6465638377
2,2195,2072,15.6392510036
2,2072,999,25.9426157037
2,999,260,8.37635766155
2,260,6972,3.70430705202
3,3253,3250,2.5577919113
3,3250,3919,8.51184967035
3,3919,3920,4.64431637261
3,3920,3271,1.13974169469
3,3271,3269,2.63225435976
3,3269,2397,9.90755426056
3,2397,3484,122.128150389
3,3484,3448,48.1451093895
3,3448,4026,2.55119553498
4,3253,3250,2.5577919113
4,3250,3919,8.51184967035
4,3919,3920,4.64431637261
4,3920,3271,1.13974169469
4,3271,3269,2.63225435976
4,3269,2397,9.90755426056
4,2397,3484,122.128150389
4,3484,3585,32.6286872047
4,3585,3448,15.5166438632
4,3448,4026,2.55119553498
5,3253,3250,2.5577919113
5,3250,3919,8.51184967035
5,3919,3920,4.64431637261
5,3920,3271,1.13974169469
5,3271,3269,2.63225435976
5,3269,2397,9.90755426056
5,2397,3484,122.128150389
5,3484,3678,28.4469441675
5,3678,3448,19.6994429553
5,3448,4026,2.55119553498
6,3253,3250,2.5577919113
6,3250,3919,8.51184967035
6,3919,3920,4.64431637261
6,3920,3271,1.13974169469
6,3271,3269,2.63225435976
6,3269,2397,9.90755426056
6,2397,3728,81.3415163206
6,3728,3731,42.3028752976
6,3731,1824,22.4739107638
6,1824,1885,17.6090107113
6,1885,1865,2.06402210701
6,1865,1869,2.72013897836
7,3253,3250,2.5577919113
7,3250,3919,8.51184967035
7,3919,3920,4.64431637261
7,3920,3271,1.13974169469
7,3271,3269,2.63225435976
7,3269,2397,9.90755426056
7,2397,3728,81.3415163206
7,3728,3731,42.3028752976
7,3731,1824,22.4739107638
7,1824,1892,11.6736031279
7,1892,1885,5.94764909568
7,1885,1865,2.06402210701
7,1865,1869,2.72013897836
8,3253,3250,2.5577919113
8,3250,3919,8.51184967035
8,3919,3920,4.64431637261
8,3920,3271,1.13974169469
8,3271,3269,2.63225435976
8,3269,2397,9.90755426056
8,2397,3728,81.3415163206
8,3728,3731,42.3028752976
8,3731,1824,22.4739107638
8,1824,1767,9.82658803138
8,1767,1885,7.80953650122
8,1885,1865,2.06402210701
8,1865,1869,2.72013897836
9,3253,3250,2.5577919113
9,3250,3919,8.51184967035
9,3919,3920,4.64431637261
9,3920,3271,1.13974169469
9,3271,3269,2.63225435976
9,3269,2397,9.90755426056
9,2397,3484,122.128150389
9,3484,1957,34.2792868976
9,1957,4024,1.67898884043
10,3253,3250,2.5577919113
10,3250,3919,8.51184967035
10,3919,3920,4.64431637261
10,3920,3271,1.13974169469
10,3271,3269,2.63225435976
10,3269,2433,4.67018231586
10,2433,2397,5.27555010313
10,2397,3484,122.128150389
10,3484,1957,34.2792868976
10,1957,4024,1.67898884043
11,3253,3250,2.5577919113
11,3250,3919,8.51184967035
11,3919,3920,4.64431637261
11,3920,3271,1.13974169469
11,3271,3269,2.63225435976
11,3269,2397,9.90755426056
11,2397,3728,81.3415163206
11,3728,3731,42.3028752976
11,3731,1824,22.4739107638
11,1824,1767,9.82658803138
11,1767,4024,2.42245178106
12,3253,3250,2.5577919113
12,3250,3919,8.51184967035
12,3919,3920,4.64431637261
12,3920,3271,1.13974169469
12,3271,3269,2.63225435976
12,3269,2397,9.90755426056
12,2397,3484,122.128150389
12,3484,3448,48.1451093895
12,3448,4025,3.3673871858
13,3253,3250,2.5577919113
13,3250,3919,8.51184967035
13,3919,3920,4.64431637261
13,3920,3271,1.13974169469
13,3271,3269,2.63225435976
13,3269,2397,9.90755426056
13,2397,3484,122.128150389
13,3484,3585,32.6286872047
13,3585,3448,15.5166438632
13,3448,4025,3.3673871858
14,3253,3250,2.5577919113
14,3250,3919,8.51184967035
14,3919,3920,4.64431637261
14,3920,3271,1.13974169469
14,3271,3269,2.63225435976
14,3269,2397,9.90755426056
14,2397,3484,122.128150389
14,3484,3678,28.4469441675
14,3678,3448,19.6994429553
14,3448,4025,3.3673871858
15,3253,3250,2.5577919113
15,3250,3919,8.51184967035
15,3919,3920,4.64431637261
15,3920,3271,1.13974169469
15,3271,3269,2.63225435976
15,3269,2397,9.90755426056
15,2397,3728,81.3415163206
15,3728,3536,49.9004064939
15,3536,4022,5.19240448751
16,3253,3250,2.5577919113
16,3250,3919,8.51184967035
16,3919,3920,4.64431637261
16,3920,3271,1.13974169469
16,3271,3269,2.63225435976
16,3269,2397,9.90755426056
16,2397,3728,81.3415163206
16,3728,3748,39.4081390697
16,3748,3536,10.5241909331
16,3536,4022,5.19240448751
17,3253,3250,2.5577919113
17,3250,3919,8.51184967035
17,3919,3920,4.64431637261
17,3920,3271,1.13974169469
17,3271,3269,2.63225435976
17,3269,2433,4.67018231586
17,2433,2397,5.27555010313
17,2397,3728,81.3415163206
17,3728,3536,49.9004064939
17,3536,4022,5.19240448751
18,3253,3250,2.5577919113
18,3250,3919,8.51184967035
18,3919,3920,4.64431637261
18,3920,3271,1.13974169469
18,3271,3269,2.63225435976
18,3269,2397,9.90755426056
18,2397,3484,122.128150389
18,3484,3858,27.4593710863
18,3858,4023,7.64089657109
19,3253,3250,2.5577919113
19,3250,3919,8.51184967035
19,3919,3920,4.64431637261
19,3920,3271,1.13974169469
19,3271,3269,2.63225435976
19,3269,2397,9.90755426056
19,2397,3484,122.128150389
19,3484,3751,14.9561738083
19,3751,3858,12.5033310208
19,3858,4023,7.64089657109
20,3253,3250,2.5577919113
20,3250,3919,8.51184967035
20,3919,3920,4.64431637261
20,3920,3271,1.13974169469
20,3271,3269,2.63225435976
20,3269,2397,9.90755426056
20,2397,3484,122.128150389
20,3484,3751,14.9561738083
20,3751,4009,8.76030716723
20,4009,3858,3.7524753176
20,3858,4023,7.64089657109
21,3253,3250,2.5577919113
21,3250,3919,8.51184967035
21,3919,3920,4.64431637261
21,3920,3271,1.13974169469
21,3271,3269,2.63225435976
21,3269,2397,9.90755426056
21,2397,3728,81.3415163206
21,3728,3536,49.9004064939
21,3536,4020,5.05685206238
22,3253,3250,2.5577919113
22,3250,3919,8.51184967035
22,3919,3920,4.64431637261
22,3920,3271,1.13974169469
22,3271,3269,2.63225435976
22,3269,2397,9.90755426056
22,2397,3728,81.3415163206
22,3728,3748,39.4081390697
22,3748,3536,10.5241909331
22,3536,4020,5.05685206238
23,3253,3250,2.5577919113
23,3250,3919,8.51184967035
23,3919,3920,4.64431637261
23,3920,3271,1.13974169469
23,3271,3269,2.63225435976
23,3269,2433,4.67018231586
23,2433,2397,5.27555010313
23,2397,3728,81.3415163206
23,3728,3536,49.9004064939
23,3536,4020,5.05685206238
24,3253,3250,2.5577919113
24,3250,3919,8.51184967035
24,3919,3920,4.64431637261
24,3920,3271,1.13974169469
24,3271,3269,2.63225435976
24,3269,2397,9.90755426056
24,2397,3728,81.3415163206
24,3728,3536,49.9004064939
24,3536,4021,6.08215459279
25,3253,3250,2.5577919113
25,3250,3919,8.51184967035
25,3919,3920,4.64431637261
25,3920,3271,1.13974169469
25,3271,3269,2.63225435976
25,3269,2397,9.90755426056
25,2397,3728,81.3415163206
25,3728,3748,39.4081390697
25,3748,3536,10.5241909331
25,3536,4021,6.08215459279
26,3253,3250,2.5577919113
26,3250,3919,8.51184967035
26,3919,3920,4.64431637261
26,3920,3271,1.13974169469
26,3271,3269,2.63225435976
26,3269,2433,4.67018231586
26,2433,2397,5.27555010313
26,2397,3728,81.3415163206
26,3728,3536,49.9004064939
26,3536,4021,6.08215459279
27,3253,3250,2.5577919113
27,3250,3919,8.51184967035
27,3919,3920,4.64431637261
27,3920,3271,1.13974169469
27,3271,3269,2.63225435976
27,3269,2397,9.90755426056
27,2397,3484,122.128150389
27,3484,3877,3.89497728028
27,3877,4028,26.7628396739
28,3253,3250,2.5577919113
28,3250,3919,8.51184967035
28,3919,3920,4.64431637261
28,3920,3271,1.13974169469
28,3271,3269,2.63225435976
28,3269,2433,4.67018231586
28,2433,2397,5.27555010313
28,2397,3484,122.128150389
28,3484,3877,3.89497728028
28,3877,4028,26.7628396739
29,3253,3250,2.5577919113
29,3250,3919,8.51184967035
29,3919,3920,4.64431637261
29,3920,3271,1.13974169469
29,3271,3269,2.63225435976
29,3269,2397,9.90755426056
29,2397,3728,81.3415163206
29,3728,3877,45.2471627127
29,3877,4028,26.7628396739
30,3253,3250,2.5577919113
30,3250,3316,20.9329460909
30,3316,4029,85.3810146596
31,3253,3250,2.5577919113
31,3250,3316,20.9329460909
31,3316,3179,8.82993658099
31,3179,4029,76.7223207039
32,3253,3250,2.5577919113
32,3250,3316,20.9329460909
32,3316,3308,5.4216716414
32,3308,3179,3.43106092689
32,3179,4029,76.7223207039
33,3253,3240,9.79743990773
33,3240,3940,5.73030158111
33,3940,5,32.0605398671
33,5,5422,3.23274142679
33,5422,5980,0
34,3253,3240,9.79743990773
34,3240,8401,4.93953497804
34,8401,3940,1.10971292367
34,3940,5,32.0605398671
34,5,5422,3.23274142679
34,5422,5980,0
35,3253,3240,9.79743990773
35,3240,3940,5.73030158111
35,3940,5,32.0605398671
35,5,5423,1.26255623439
35,5423,5422,2.52418867533
35,5422,5980,0
36,3253,3240,9.79743990773
36,3240,3940,5.73030158111
36,3940,5,32.0605398671
36,5,5984,0
37,3253,3240,9.79743990773
37,3240,8401,4.93953497804
37,8401,3940,1.10971292367
37,3940,5,32.0605398671
37,5,5984,0
38,3253,3240,9.79743990773
38,3240,3940,5.73030158111
38,3940,5,32.0605398671
38,5,5423,1.26255623439
38,5423,5984,0
39,3253,3250,2.5577919113
39,3250,3316,20.9329460909
39,3316,346,103.497038203
39,346,344,5.27933908529
40,3253,3250,2.5577919113
40,3250,3316,20.9329460909
40,3316,2188,54.1864665177
40,2188,346,49.3226563953
40,346,344,5.27933908529
41,3253,3250,2.5577919113
41,3250,3316,20.9329460909
41,3316,3144,26.5160697642
41,3144,2188,27.6705449765
41,2188,346,49.3226563953
41,346,344,5.27933908529
42,3253,3250,2.5577919113
42,3250,3316,20.9329460909
42,3316,346,103.497038203
42,346,345,5.81480024429
43,3253,3250,2.5577919113
43,3250,3316,20.9329460909
43,3316,2188,54.1864665177
43,2188,345,55.1329154664
44,3253,3250,2.5577919113
44,3250,3316,20.9329460909
44,3316,3144,26.5160697642
44,3144,2188,27.6705449765
44,2188,345,55.1329154664
45,3253,3250,2.5577919113
45,3250,3316,20.9329460909
45,3316,346,103.497038203
46,3253,3250,2.5577919113
46,3250,3316,20.9329460909
46,3316,2188,54.1864665177
46,2188,346,49.3226563953
47,3253,3250,2.5577919113
47,3250,3316,20.9329460909
47,3316,3144,26.5160697642
47,3144,2188,27.6705449765
47,2188,346,49.3226563953
48,3253,3250,2.5577919113
48,3250,3316,20.9329460909
48,3316,1701,84.9836373801
48,1701,347,19.6775528292
49,3253,3250,2.5577919113
49,3250,3316,20.9329460909
49,3316,3304,2.67652517659
49,3304,1701,82.3126532613
49,1701,347,19.6775528292
50,3253,3250,2.5577919113
50,3250,3316,20.9329460909
50,3316,2997,35.8258173146
50,2997,1701,49.1913226096
50,1701,347,19.6775528292
51,3253,3250,2.5577919113
51,3250,3316,20.9329460909
51,3316,340,107.124612717
52,3253,3250,2.5577919113
52,3250,3316,20.9329460909
52,3316,346,103.497038203
52,346,340,3.62774690351
53,3253,3250,2.5577919113
53,3250,3316,20.9329460909
53,3316,3144,26.5160697642
53,3144,340,80.6138184201
54,3253,3250,2.5577919113
54,3250,3316,20.9329460909
54,3316,346,103.497038203
54,346,341,5.57806952512
55,3253,3250,2.5577919113
55,3250,3316,20.9329460909
55,3316,2188,54.1864665177
55,2188,346,49.3226563953
55,346,341,5.57806952512
56,3253,3250,2.5577919113
56,3250,3316,20.9329460909
56,3316,3144,26.5160697642
56,3144,2188,27.6705449765
56,2188,346,49.3226563953
56,346,341,5.57806952512
57,3253,3250,2.5577919113
57,3250,3316,20.9329460909
57,3316,1701,84.9836373801
57,1701,342,22.683548452
58,3253,3250,2.5577919113
58,3250,3316,20.9329460909
58,3316,1701,84.9836373801
58,1701,1489,11.5286132726
58,1489,342,11.1549966031
59,3253,3250,2.5577919113
59,3250,3316,20.9329460909
59,3316,3304,2.67652517659
59,3304,1701,82.3126532613
59,1701,342,22.683548452
60,3253,3250,2.5577919113
60,3250,3316,20.9329460909
60,3316,3304,2.67652517659
60,3304,2074,65.7281401034
60,2074,210,38.4554148254
60,210,3998,2.90012836726
61,3253,3250,2.5577919113
61,3250,3316,20.9329460909
61,3316,2072,67.9498818753
61,2072,210,38.950022867
61,210,3998,2.90012836726
62,3253,3250,2.5577919113
62,3250,3316,20.9329460909
62,3316,2072,67.9498818753
62,2072,1157,28.222618359
62,1157,210,10.7282686196
62,210,3998,2.90012836726
63,3253,3250,2.5577919113
63,3250,3316,20.9329460909
63,3316,609,106.243188994
63,609,9,64.3838776438
63,9,3997,2.68707787482
64,3253,3250,2.5577919113
64,3250,3316,20.9329460909
64,3316,3304,2.67652517659
64,3304,4330,60.1951328661
64,4330,3964,8.24814088595
64,3964,679,26.3315513042
64,679,609,8.99956003801
64,609,9,64.3838776438
64,9,3997,2.68707787482
65,3253,3250,2.5577919113
65,3250,3316,20.9329460909
65,3316,3304,2.67652517659
65,3304,2206,41.0457518116
65,2206,4330,19.150114863
65,4330,3964,8.24814088595
65,3964,679,26.3315513042
65,679,609,8.99956003801
65,609,9,64.3838776438
65,9,3997,2.68707787482
66,3253,3250,2.5577919113
66,3250,3316,20.9329460909
66,3316,609,106.243188994
66,609,9,64.3838776438
66,9,3995,2.25757394004
67,3253,3250,2.5577919113
67,3250,3316,20.9329460909
67,3316,3304,2.67652517659
67,3304,4330,60.1951328661
67,4330,3964,8.24814088595
67,3964,679,26.3315513042
67,679,609,8.99956003801
67,609,9,64.3838776438
67,9,3995,2.25757394004
68,3253,3250,2.5577919113
68,3250,3316,20.9329460909
68,3316,3304,2.67652517659
68,3304,2206,41.0457518116
68,2206,4330,19.150114863
68,4330,3964,8.24814088595
68,3964,679,26.3315513042
68,679,609,8.99956003801
68,609,9,64.3838776438
68,9,3995,2.25757394004
69,3253,3250,2.5577919113
69,3250,3919,8.51184967035
69,3919,3920,4.64431637261
69,3920,3271,1.13974169469
69,3271,3269,2.63225435976
69,3269,2397,9.90755426056
69,2397,3994,5.61115903145
70,3253,3250,2.5577919113
70,3250,3919,8.51184967035
70,3919,3920,4.64431637261
70,3920,3271,1.13974169469
70,3271,3269,2.63225435976
70,3269,2433,4.67018231586
70,2433,2397,5.27555010313
70,2397,3994,5.61115903145
71,3253,3250,2.5577919113
71,3250,3919,8.51184967035
71,3919,3920,4.64431637261
71,3920,3271,1.13974169469
71,3271,4141,1.58224520924
71,4141,3269,2.00832387376
71,3269,2397,9.90755426056
71,2397,3994,5.61115903145
72,3253,3250,2.5577919113
72,3250,3316,20.9329460909
72,3316,1701,84.9836373801
72,1701,348,19.595323445
73,3253,3250,2.5577919113
73,3250,3316,20.9329460909
73,3316,3304,2.67652517659
73,3304,1701,82.3126532613
73,1701,348,19.595323445
74,3253,3250,2.5577919113
74,3250,3316,20.9329460909
74,3316,1701,84.9836373801
74,1701,1613,14.1712020627
74,1613,348,5.45504084207
75,3253,3250,2.5577919113
75,3250,3919,8.51184967035
75,3919,3920,4.64431637261
75,3920,3271,1.13974169469
75,3271,3269,2.63225435976
75,3269,2397,9.90755426056
75,2397,3992,24.4760483914
76,3253,3250,2.5577919113
76,3250,3919,8.51184967035
76,3919,3920,4.64431637261
76,3920,3271,1.13974169469
76,3271,3269,2.63225435976
76,3269,2433,4.67018231586
76,2433,2397,5.27555010313
76,2397,3992,24.4760483914
77,3253,3250,2.5577919113
77,3250,3919,8.51184967035
77,3919,3920,4.64431637261
77,3920,3271,1.13974169469
77,3271,4141,1.58224520924
77,4141,3269,2.00832387376
77,3269,2397,9.90755426056
77,2397,3992,24.4760483914
78,3253,3250,2.5577919113
78,3250,3919,8.51184967035
78,3919,3920,4.64431637261
78,3920,3271,1.13974169469
78,3271,3269,2.63225435976
78,3269,3370,17.6708001766
78,3370,7519,5.41709170836
79,3253,3250,2.5577919113
79,3250,3919,8.51184967035
79,3919,3920,4.64431637261
79,3920,3271,1.13974169469
79,3271,3269,2.63225435976
79,3269,3077,16.5104441461
79,3077,3370,1.24636450747
79,3370,7519,5.41709170836
80,3253,3250,2.5577919113
80,3250,3919,8.51184967035
80,3919,3920,4.64431637261
80,3920,3271,1.13974169469
80,3271,4141,1.58224520924
80,4141,3269,2.00832387376
80,3269,3370,17.6708001766
80,3370,7519,5.41709170836
81,3253,3240,9.79743990773
81,3240,3940,5.73030158111
81,3940,3320,42.2788887438
81,3320,3990,6.24107985178
82,3253,3240,9.79743990773
82,3240,8401,4.93953497804
82,8401,3940,1.10971292367
82,3940,3320,42.2788887438
82,3320,3990,6.24107985178
83,3253,3240,9.79743990773
83,3240,3940,5.73030158111
83,3940,3999,16.1321886596
83,3999,3320,26.8086508846
83,3320,3990,6.24107985178
84,3253,3250,2.5577919113
84,3250,3919,8.51184967035
84,3919,3920,4.64431637261
84,3920,3271,1.13974169469
84,3271,3269,2.63225435976
84,3269,2397,9.90755426056
84,2397,3728,81.3415163206
84,3728,3731,42.3028752976
84,3731,3689,1.61413809732
85,3253,3250,2.5577919113
85,3250,3919,8.51184967035
85,3919,3920,4.64431637261
85,3920,3271,1.13974169469
85,3271,3269,2.63225435976
85,3269,2433,4.67018231586
85,2433,2397,5.27555010313
85,2397,3728,81.3415163206
85,3728,3731,42.3028752976
85,3731,3689,1.61413809732
86,3253,3250,2.5577919113
86,3250,3919,8.51184967035
86,3919,3920,4.64431637261
86,3920,3271,1.13974169469
86,3271,3269,2.63225435976
86,3269,2397,9.90755426056
86,2397,3484,122.128150389
86,3484,3731,1.71608603975
86,3731,3689,1.61413809732
87,3253,3250,2.5577919113
87,3250,3316,20.9329460909
87,3316,2983,52.8923838091
87,2983,6150,2.29185869739
88,3253,3250,2.5577919113
88,3250,3316,20.9329460909
88,3316,3304,2.67652517659
88,3304,2983,50.3470559646
88,2983,6150,2.29185869739
89,3253,3250,2.5577919113
89,3250,3316,20.9329460909
89,3316,3093,38.2602663222
89,3093,2983,14.9081814943
89,2983,6150,2.29185869739
90,3253,3250,2.5577919113
90,3250,3316,20.9329460909
90,3316,2983,52.8923838091
90,2983,6151,9.73597048292
91,3253,3250,2.5577919113
91,3250,3316,20.9329460909
91,3316,3304,2.67652517659
91,3304,2983,50.3470559646
91,2983,6151,9.73597048292
92,3253,3250,2.5577919113
92,3250,3316,20.9329460909
92,3316,3093,38.2602663222
92,3093,2983,14.9081814943
92,2983,6151,9.73597048292
93,3253,3250,2.5577919113
93,3250,3316,20.9329460909
93,3316,2983,52.8923838091
93,2983,6152,8.64565937271
94,3253,3250,2.5577919113
94,3250,3316,20.9329460909
94,3316,3304,2.67652517659
94,3304,2983,50.3470559646
94,2983,6152,8.64565937271
95,3253,3250,2.5577919113
95,3250,3316,20.9329460909
95,3316,3093,38.2602663222
95,3093,2983,14.9081814943
95,2983,6152,8.64565937271
96,3253,3250,2.5577919113
96,3250,3316,20.9329460909
96,3316,2983,52.8923838091
96,2983,6153,4.14304108909
97,3253,3250,2.5577919113
97,3250,3316,20.9329460909
97,3316,3304,2.67652517659
97,3304,2983,50.3470559646
97,2983,6153,4.14304108909
98,3253,3250,2.5577919113
98,3250,3316,20.9329460909
98,3316,3093,38.2602663222
98,3093,2983,14.9081814943
98,2983,6153,4.14304108909
99,3253,3250,2.5577919113
99,3250,3316,20.9329460909
99,3316,2983,52.8923838091
99,2983,6154,4.43351411618
100,3253,3250,2.5577919113
100,3250,3316,20.9329460909
100,3316,3304,2.67652517659
100,3304,2983,50.3470559646
100,2983,6154,4.43351411618
101,3253,3250,2.5577919113
101,3250,3316,20.9329460909
101,3316,3093,38.2602663222
101,3093,2983,14.9081814943
101,2983,6154,4.43351411618
102,3253,3250,2.5577919113
102,3250,3316,20.9329460909
102,3316,3304,2.67652517659
102,3304,4330,60.1951328661
102,4330,3964,8.24814088595
102,3964,2964,8.60021998918
102,2964,6156,4.58711745489
103,3253,3250,2.5577919113
103,3250,3316,20.9329460909
103,3316,3304,2.67652517659
103,3304,2206,41.0457518116
103,2206,4330,19.150114863
103,4330,3964,8.24814088595
103,3964,2964,8.60021998918
103,2964,6156,4.58711745489
104,3253,3250,2.5577919113
104,3250,3316,20.9329460909
104,3316,2997,35.8258173146
104,2997,4330,27.1690181582
104,4330,3964,8.24814088595
104,3964,2964,8.60021998918
104,2964,6156,4.58711745489
105,3253,3250,2.5577919113
105,3250,3316,20.9329460909
105,3316,3179,8.82993658099
105,3179,2988,77.3430724776
105,2988,6157,3.96048982686
106,3253,3250,2.5577919113
106,3250,3316,20.9329460909
106,3316,3308,5.4216716414
106,3308,3179,3.43106092689
106,3179,2988,77.3430724776
106,2988,6157,3.96048982686
107,3253,3250,2.5577919113
107,3250,3316,20.9329460909
107,3316,3408,3.02453474591
107,3408,3308,2.51236443567
107,3308,3179,3.43106092689
107,3179,2988,77.3430724776
107,2988,6157,3.96048982686
108,3253,3250,2.5577919113
108,3250,3316,20.9329460909
108,3316,3179,8.82993658099
108,3179,2975,61.4180954274
108,2975,2989,11.0996408606
108,2989,6159,14.3872926721
109,3253,3250,2.5577919113
109,3250,3316,20.9329460909
109,3316,3308,5.4216716414
109,3308,3179,3.43106092689
109,3179,2975,61.4180954274
109,2975,2989,11.0996408606
109,2989,6159,14.3872926721
110,3253,3250,2.5577919113
110,3250,3316,20.9329460909
110,3316,3408,3.02453474591
110,3408,3308,2.51236443567
110,3308,3179,3.43106092689
110,3179,2975,61.4180954274
110,2975,2989,11.0996408606
110,2989,6159,14.3872926721
111,3253,3240,9.79743990773
111,3240,3940,5.73030158111
111,3940,3361,43.9506069463
111,3361,6794,2.4537493492
112,3253,3240,9.79743990773
112,3240,8401,4.93953497804
112,8401,3940,1.10971292367
112,3940,3361,43.9506069463
112,3361,6794,2.4537493492
113,3253,3250,2.5577919113
113,3250,3240,8.51834875744
113,3240,3940,5.73030158111
113,3940,3361,43.9506069463
113,3361,6794,2.4537493492
114,3253,3250,2.5577919113
114,3250,3919,8.51184967035
114,3919,3920,4.64431637261
114,3920,3271,1.13974169469
114,3271,3269,2.63225435976
114,3269,3077,16.5104441461
114,3077,3364,17.9706549597
114,3364,6954,9.51577430304
114,6954,6795,3.04162816974
115,3253,3250,2.5577919113
115,3250,3919,8.51184967035
115,3919,3920,4.64431637261
115,3920,3271,1.13974169469
115,3271,3269,2.63225435976
115,3269,3374,16.851629355
115,3374,6341,17.3361044566
115,6341,6954,9.82911189676
115,6954,6795,3.04162816974
116,3253,3250,2.5577919113
116,3250,3919,8.51184967035
116,3919,3920,4.64431637261
116,3920,3271,1.13974169469
116,3271,3269,2.63225435976
116,3269,3374,16.851629355
116,3374,3364,17.6600296908
116,3364,6954,9.51577430304
116,6954,6795,3.04162816974
117,3253,3240,9.79743990773
117,3240,3940,5.73030158111
117,3940,3361,43.9506069463
117,3361,6794,2.4537493492
117,6794,6792,2.19083077675
118,3253,3240,9.79743990773
118,3240,8401,4.93953497804
118,8401,3940,1.10971292367
118,3940,3361,43.9506069463
118,3361,6794,2.4537493492
118,6794,6792,2.19083077675
119,3253,3250,2.5577919113
119,3250,3240,8.51834875744
119,3240,3940,5.73030158111
119,3940,3361,43.9506069463
119,3361,6794,2.4537493492
119,6794,6792,2.19083077675
120,3253,3240,9.79743990773
120,3240,3940,5.73030158111
120,3940,3361,43.9506069463
120,3361,6793,2.12049734597
121,3253,3240,9.79743990773
121,3240,8401,4.93953497804
121,8401,3940,1.10971292367
121,3940,3361,43.9506069463
121,3361,6793,2.12049734597
122,3253,3250,2.5577919113
122,3250,3240,8.51834875744
122,3240,3940,5.73030158111
122,3940,3361,43.9506069463
122,3361,6793,2.12049734597
123,3253,3250,2.5577919113
123,3250,3316,20.9329460909
123,3316,3093,38.2602663222
123,3093,2048,15.9093975336
123,2048,4331,3.28565861063
123,4331,6790,11.1723192745
124,3253,3250,2.5577919113
124,3250,3316,20.9329460909
124,3316,3304,2.67652517659
124,3304,3093,35.6681818644
124,3093,2048,15.9093975336
124,2048,4331,3.28565861063
124,4331,6790,11.1723192745
125,3253,3250,2.5577919113
125,3250,3316,20.9329460909
125,3316,3093,38.2602663222
125,3093,2051,11.6327695271
125,2051,4331,7.80330750133
125,4331,6790,11.1723192745
126,3253,3250,2.5577919113
126,3250,3919,8.51184967035
126,3919,3920,4.64431637261
126,3920,3271,1.13974169469
126,3271,3269,2.63225435976
126,3269,2397,9.90755426056
126,2397,3728,81.3415163206
126,3728,3536,49.9004064939
126,3536,4027,3.07957755213
127,3253,3250,2.5577919113
127,3250,3919,8.51184967035
127,3919,3920,4.64431637261
127,3920,3271,1.13974169469
127,3271,3269,2.63225435976
127,3269,2397,9.90755426056
127,2397,3728,81.3415163206
127,3728,3748,39.4081390697
127,3748,3536,10.5241909331
127,3536,4027,3.07957755213
128,3253,3250,2.5577919113
128,3250,3919,8.51184967035
128,3919,3920,4.64431637261
128,3920,3271,1.13974169469
128,3271,3269,2.63225435976
128,3269,2433,4.67018231586
128,2433,2397,5.27555010313
128,2397,3728,81.3415163206
128,3728,3536,49.9004064939
128,3536,4027,3.07957755213
129,3253,3250,2.5577919113
129,3250,3919,8.51184967035
129,3919,3920,4.64431637261
129,3920,3271,1.13974169469
129,3271,3269,2.63225435976
129,3269,2397,9.90755426056
129,2397,2305,21.2811476235
129,2305,2334,5.12924992733
129,2334,2316,8.55338842051
130,3253,3250,2.5577919113
130,3250,3919,8.51184967035
130,3919,3920,4.64431637261
130,3920,3271,1.13974169469
130,3271,3269,2.63225435976
130,3269,2433,4.67018231586
130,2433,2397,5.27555010313
130,2397,2305,21.2811476235
130,2305,2334,5.12924992733
130,2334,2316,8.55338842051
131,3253,3250,2.5577919113
131,3250,3919,8.51184967035
131,3919,3920,4.64431637261
131,3920,3271,1.13974169469
131,3271,3269,2.63225435976
131,3269,2276,19.8295605865
131,2276,2308,12.2719154534
131,2308,2334,4.93663038463
131,2334,2316,8.55338842051
132,3253,3250,2.5577919113
132,3250,3919,8.51184967035
132,3919,3920,4.64431637261
132,3920,3271,1.13974169469
132,3271,3269,2.63225435976
132,3269,2397,9.90755426056
132,2397,2264,8.09627089705
132,2264,2384,8.14411950306
132,2384,2312,7.37611909365
133,3253,3250,2.5577919113
133,3250,3919,8.51184967035
133,3919,3920,4.64431637261
133,3920,3271,1.13974169469
133,3271,3269,2.63225435976
133,3269,2433,4.67018231586
133,2433,2397,5.27555010313
133,2397,2264,8.09627089705
133,2264,2384,8.14411950306
133,2384,2312,7.37611909365
134,3253,3250,2.5577919113
134,3250,3919,8.51184967035
134,3919,3920,4.64431637261
134,3920,3271,1.13974169469
134,3271,3269,2.63225435976
134,3269,2276,19.8295605865
134,2276,2384,6.5097419654
134,2384,2312,7.37611909365
135,3253,3250,2.5577919113
135,3250,3919,8.51184967035
135,3919,3920,4.64431637261
135,3920,3271,1.13974169469
135,3271,3269,2.63225435976
135,3269,2397,9.90755426056
135,2397,2264,8.09627089705
135,2264,2384,8.14411950306
135,2384,2313,7.0934474693
136,3253,3250,2.5577919113
136,3250,3919,8.51184967035
136,3919,3920,4.64431637261
136,3920,3271,1.13974169469
136,3271,3269,2.63225435976
136,3269,2433,4.67018231586
136,2433,2397,5.27555010313
136,2397,2264,8.09627089705
136,2264,2384,8.14411950306
136,2384,2313,7.0934474693
137,3253,3250,2.5577919113
137,3250,3919,8.51184967035
137,3919,3920,4.64431637261
137,3920,3271,1.13974169469
137,3271,3269,2.63225435976
137,3269,2276,19.8295605865
137,2276,2384,6.5097419654
137,2384,2313,7.0934474693
138,3253,3250,2.5577919113
138,3250,3919,8.51184967035
138,3919,3920,4.64431637261
138,3920,3271,1.13974169469
138,3271,3269,2.63225435976
138,3269,3930,33.202710956
138,3930,2310,6.62265336053
139,3253,3250,2.5577919113
139,3250,3919,8.51184967035
139,3919,3920,4.64431637261
139,3920,3271,1.13974169469
139,3271,3269,2.63225435976
139,3269,2276,19.8295605865
139,2276,3930,13.4452327278
139,3930,2310,6.62265336053
140,3253,3250,2.5577919113
140,3250,3919,8.51184967035
140,3919,3920,4.64431637261
140,3920,3271,1.13974169469
140,3271,3269,2.63225435976
140,3269,2397,9.90755426056
140,2397,3930,23.5940746469
140,3930,2310,6.62265336053
141,3253,3250,2.5577919113
141,3250,3919,8.51184967035
141,3919,3920,4.64431637261
141,3920,3271,1.13974169469
141,3271,3269,2.63225435976
141,3269,2397,9.90755426056
141,2397,2359,28.1917530963
141,2359,2311,8.90992345232
142,3253,3250,2.5577919113
142,3250,3919,8.51184967035
142,3919,3920,4.64431637261
142,3920,3271,1.13974169469
142,3271,3269,2.63225435976
142,3269,2433,4.67018231586
142,2433,2397,5.27555010313
142,2397,2359,28.1917530963
142,2359,2311,8.90992345232
143,3253,3250,2.5577919113
143,3250,3919,8.51184967035
143,3919,3920,4.64431637261
143,3920,3271,1.13974169469
143,3271,3269,2.63225435976
143,3269,2397,9.90755426056
143,2397,3942,25.7542304279
143,3942,2359,3.05485852697
143,2359,2311,8.90992345232
144,3253,3250,2.5577919113
144,3250,3919,8.51184967035
144,3919,3920,4.64431637261
144,3920,3271,1.13974169469
144,3271,3269,2.63225435976
144,3269,3266,2.6208738092
144,3266,3265,0.370706879801
144,3265,5855,0
145,3253,3250,2.5577919113
145,3250,3919,8.51184967035
145,3919,3920,4.64431637261
145,3920,3271,1.13974169469
145,3271,3269,2.63225435976
145,3269,3270,1.02312039914
145,3270,3266,1.59780018702
145,3266,3265,0.370706879801
145,3265,5855,0
146,3253,3250,2.5577919113
146,3250,3919,8.51184967035
146,3919,3920,4.64431637261
146,3920,3271,1.13974169469
146,3271,3269,2.63225435976
146,3269,6219,1.26383831972
146,6219,3266,1.51562907231
146,3266,3265,0.370706879801
146,3265,5855,0
147,3253,3250,2.5577919113
147,3250,3919,8.51184967035
147,3919,3920,4.64431637261
147,3920,3271,1.13974169469
147,3271,3269,2.63225435976
147,3269,2397,9.90755426056
147,2397,3728,81.3415163206
147,3728,3550,63.1796757074
147,3550,1953,18.5466897337
147,1953,5857,1.83860999148
148,3253,3250,2.5577919113
148,3250,3919,8.51184967035
148,3919,3920,4.64431637261
148,3920,3271,1.13974169469
148,3271,3269,2.63225435976
148,3269,2397,9.90755426056
148,2397,3728,81.3415163206
148,3728,3550,63.1796757074
148,3550,3576,15.6234642489
148,3576,1953,2.92336509073
148,1953,5857,1.83860999148
149,3253,3250,2.5577919113
149,3250,3919,8.51184967035
149,3919,3920,4.64431637261
149,3920,3271,1.13974169469
149,3271,3269,2.63225435976
149,3269,2397,9.90755426056
149,2397,3728,81.3415163206
149,3728,3550,63.1796757074
149,3550,3533,15.6843468735
149,3533,1953,2.87847376708
149,1953,5857,1.83860999148
150,3253,3250,2.5577919113
150,3250,3316,20.9329460909
150,3316,3024,24.8048962515
150,3024,994,27.0936357355
150,994,4059,18.8942742173
150,4059,897,27.7245684073
150,897,298,8.73609050823
151,3253,3250,2.5577919113
151,3250,3316,20.9329460909
151,3316,3024,24.8048962515
151,3024,994,27.0936357355
151,994,4059,18.8942742173
151,4059,4161,25.870542361
151,4161,897,1.85560792372
151,897,298,8.73609050823
152,3253,3250,2.5577919113
152,3250,3316,20.9329460909
152,3316,3024,24.8048962515
152,3024,994,27.0936357355
152,994,4059,18.8942742173
152,4059,245,35.3861282742
152,245,298,1.14597417993
153,3253,3250,2.5577919113
153,3250,3316,20.9329460909
153,3316,1678,106.001245685
153,1678,503,9.40599009502
153,503,299,4.41631457901
154,3253,3250,2.5577919113
154,3250,3316,20.9329460909
154,3316,3144,26.5160697642
154,3144,2194,24.3182749167
154,2194,1678,55.1673535098
154,1678,503,9.40599009502
154,503,299,4.41631457901
155,3253,3250,2.5577919113
155,3250,3316,20.9329460909
155,3316,2188,54.1864665177
155,2188,1678,51.8173148664
155,1678,503,9.40599009502
155,503,299,4.41631457901
156,3253,3250,2.5577919113
156,3250,3316,20.9329460909
156,3316,2082,61.9681383941
156,2082,1128,16.1416218554
156,1128,287,22.221733302
156,287,296,3.5994211709
157,3253,3250,2.5577919113
157,3250,3316,20.9329460909
157,3316,2082,61.9681383941
157,2082,2089,10.6403698165
157,2089,1128,5.50125397831
157,1128,287,22.221733302
157,287,296,3.5994211709
158,3253,3250,2.5577919113
158,3250,3316,20.9329460909
158,3316,3304,2.67652517659
158,3304,2074,65.7281401034
158,2074,287,31.9402204466
158,287,296,3.5994211709
159,3253,3250,2.5577919113
159,3250,3316,20.9329460909
159,3316,2082,61.9681383941
159,2082,1128,16.1416218554
159,1128,1154,11.3098599728
159,1154,295,9.93067716516
160,3253,3250,2.5577919113
160,3250,3316,20.9329460909
160,3316,2082,61.9681383941
160,2082,2089,10.6403698165
160,2089,1128,5.50125397831
160,1128,1154,11.3098599728
160,1154,295,9.93067716516
161,3253,3250,2.5577919113
161,3250,3316,20.9329460909
161,3316,2082,61.9681383941
161,2082,2067,3.21895623007
161,2067,1128,12.9449885625
161,1128,1154,11.3098599728
161,1154,295,9.93067716516
162,3253,3250,2.5577919113
162,3250,3316,20.9329460909
162,3316,2072,67.9498818753
162,2072,1157,28.222618359
162,1157,293,2.67372413645
163,3253,3250,2.5577919113
163,3250,3316,20.9329460909
163,3316,3135,28.6362274595
163,3135,3137,1.09333302871
163,3137,2072,38.2792649384
163,2072,1157,28.222618359
163,1157,293,2.67372413645
164,3253,3250,2.5577919113
164,3250,3316,20.9329460909
164,3316,3135,28.6362274595
164,3135,3137,1.09333302871
164,3137,2195,22.6465638377
164,2195,2072,15.6392510036
164,2072,1157,28.222618359
164,1157,293,2.67372413645
165,3253,3250,2.5577919113
165,3250,3316,20.9329460909
165,3316,2082,61.9681383941
165,2082,1128,16.1416218554
165,1128,287,22.221733302
165,287,290,2.80592682484
166,3253,3250,2.5577919113
166,3250,3316,20.9329460909
166,3316,2082,61.9681383941
166,2082,2089,10.6403698165
166,2089,1128,5.50125397831
166,1128,287,22.221733302
166,287,290,2.80592682484
167,3253,3250,2.5577919113
167,3250,3316,20.9329460909
167,3316,3304,2.67652517659
167,3304,2074,65.7281401034
167,2074,287,31.9402204466
167,287,290,2.80592682484
168,3253,3250,2.5577919113
168,3250,3316,20.9329460909
168,3316,2082,61.9681383941
168,2082,1128,16.1416218554
168,1128,287,22.221733302
168,287,291,2.97668169328
169,3253,3250,2.5577919113
169,3250,3316,20.9329460909
169,3316,2082,61.9681383941
169,2082,2089,10.6403698165
169,2089,1128,5.50125397831
169,1128,287,22.221733302
169,287,291,2.97668169328
170,3253,3250,2.5577919113
170,3250,3316,20.9329460909
170,3316,3304,2.67652517659
170,3304,2074,65.7281401034
170,2074,287,31.9402204466
170,287,291,2.97668169328
171,3253,3250,2.5577919113
171,3250,3919,8.51184967035
171,3919,3920,4.64431637261
171,3920,3271,1.13974169469
171,3271,3269,2.63225435976
171,3269,2397,9.90755426056
171,2397,3728,81.3415163206
171,3728,3682,74.520913243
171,3682,3515,5.49997013594
171,3515,3771,12.2548377452
172,3253,3250,2.5577919113
172,3250,3919,8.51184967035
172,3919,3920,4.64431637261
172,3920,3271,1.13974169469
172,3271,3269,2.63225435976
172,3269,2397,9.90755426056
172,2397,3484,122.128150389
172,3484,3448,48.1451093895
172,3448,3771,3.36071668178
173,3253,3250,2.5577919113
173,3250,3919,8.51184967035
173,3919,3920,4.64431637261
173,3920,3271,1.13974169469
173,3271,3269,2.63225435976
173,3269,2397,9.90755426056
173,2397,3484,122.128150389
173,3484,3585,32.6286872047
173,3585,3448,15.5166438632
173,3448,3771,3.36071668178
174,3253,3250,2.5577919113
174,3250,3919,8.51184967035
174,3919,3920,4.64431637261
174,3920,3271,1.13974169469
174,3271,3269,2.63225435976
174,3269,2397,9.90755426056
174,2397,3728,81.3415163206
174,3728,3670,61.9769350893
174,3670,3770,3.09747884339
175,3253,3250,2.5577919113
175,3250,3919,8.51184967035
175,3919,3920,4.64431637261
175,3920,3271,1.13974169469
175,3271,3269,2.63225435976
175,3269,2433,4.67018231586
175,2433,2397,5.27555010313
175,2397,3728,81.3415163206
175,3728,3670,61.9769350893
175,3670,3770,3.09747884339
176,3253,3250,2.5577919113
176,3250,3919,8.51184967035
176,3919,3920,4.64431637261
176,3920,3271,1.13974169469
176,3271,3269,2.63225435976
176,3269,2397,9.90755426056
176,2397,3728,81.3415163206
176,3728,3456,1.55268770705
176,3456,3670,60.5917933567
176,3670,3770,3.09747884339
177,3253,3250,2.5577919113
177,3250,3919,8.51184967035
177,3919,3920,4.64431637261
177,3920,3271,1.13974169469
177,3271,3269,2.63225435976
177,3269,2397,9.90755426056
177,2397,3728,81.3415163206
177,3728,3777,44.7985012373
178,3253,3250,2.5577919113
178,3250,3919,8.51184967035
178,3919,3920,4.64431637261
178,3920,3271,1.13974169469
178,3271,3269,2.63225435976
178,3269,2433,4.67018231586
178,2433,2397,5.27555010313
178,2397,3728,81.3415163206
178,3728,3777,44.7985012373
179,3253,3250,2.5577919113
179,3250,3919,8.51184967035
179,3919,3920,4.64431637261
179,3920,3271,1.13974169469
179,3271,3269,2.63225435976
179,3269,2397,9.90755426056
179,2397,3728,81.3415163206
179,3728,3577,44.171675332
179,3577,3777,1.36317314332
180,3253,3250,2.5577919113
180,3250,3919,8.51184967035
180,3919,3920,4.64431637261
180,3920,3271,1.13974169469
180,3271,3269,2.63225435976
180,3269,2397,9.90755426056
180,2397,3728,81.3415163206
180,3728,3670,61.9769350893
180,3670,3775,1.99322994074
181,3253,3250,2.5577919113
181,3250,3919,8.51184967035
181,3919,3920,4.64431637261
181,3920,3271,1.13974169469
181,3271,3269,2.63225435976
181,3269,2433,4.67018231586
181,2433,2397,5.27555010313
181,2397,3728,81.3415163206
181,3728,3670,61.9769350893
181,3670,3775,1.99322994074
182,3253,3250,2.5577919113
182,3250,3919,8.51184967035
182,3919,3920,4.64431637261
182,3920,3271,1.13974169469
182,3271,3269,2.63225435976
182,3269,2397,9.90755426056
182,2397,3728,81.3415163206
182,3728,3456,1.55268770705
182,3456,3670,60.5917933567
182,3670,3775,1.99322994074
183,3253,3250,2.5577919113
183,3250,3919,8.51184967035
183,3919,3920,4.64431637261
183,3920,3271,1.13974169469
183,3271,3269,2.63225435976
183,3269,2397,9.90755426056
183,2397,3728,81.3415163206
183,3728,3774,40.6347212484
184,3253,3250,2.5577919113
184,3250,3919,8.51184967035
184,3919,3920,4.64431637261
184,3920,3271,1.13974169469
184,3271,3269,2.63225435976
184,3269,2433,4.67018231586
184,2433,2397,5.27555010313
184,2397,3728,81.3415163206
184,3728,3774,40.6347212484
185,3253,3250,2.5577919113
185,3250,3919,8.51184967035
185,3919,3920,4.64431637261
185,3920,3271,1.13974169469
185,3271,4141,1.58224520924
185,4141,3269,2.00832387376
185,3269,2397,9.90755426056
185,2397,3728,81.3415163206
185,3728,3774,40.6347212484
186,3253,3250,2.5577919113
186,3250,3316,20.9329460909
186,3316,2072,67.9498818753
186,2072,270,32.1105530762
187,3253,3250,2.5577919113
187,3250,3316,20.9329460909
187,3316,3135,28.6362274595
187,3135,3137,1.09333302871
187,3137,2072,38.2792649384
187,2072,270,32.1105530762
188,3253,3250,2.5577919113
188,3250,3316,20.9329460909
188,3316,3135,28.6362274595
188,3135,3137,1.09333302871
188,3137,2195,22.6465638377
188,2195,2072,15.6392510036
188,2072,270,32.1105530762
189,3253,3250,2.5577919113
189,3250,3316,20.9329460909
189,3316,3024,24.8048962515
189,3024,994,27.0936357355
189,994,4059,18.8942742173
189,4059,273,34.5219154518
190,3253,3250,2.5577919113
190,3250,3316,20.9329460909
190,3316,3024,24.8048962515
190,3024,994,27.0936357355
190,994,4059,18.8942742173
190,4059,897,27.7245684073
190,897,273,6.89565258342
191,3253,3250,2.5577919113
191,3250,3316,20.9329460909
191,3316,3024,24.8048962515
191,3024,994,27.0936357355
191,994,4059,18.8942742173
191,4059,4161,25.870542361
191,4161,897,1.85560792372
191,897,273,6.89565258342
192,3253,3250,2.5577919113
192,3250,3919,8.51184967035
192,3919,3920,4.64431637261
192,3920,3271,1.13974169469
192,3271,3269,2.63225435976
192,3269,3077,16.5104441461
192,3077,3376,8.47996235099
192,3376,6358,4.74568817741
193,3253,3250,2.5577919113
193,3250,3919,8.51184967035
193,3919,3920,4.64431637261
193,3920,3271,1.13974169469
193,3271,3269,2.63225435976
193,3269,3374,16.851629355
193,3374,3376,8.15417080499
193,3376,6358,4.74568817741
194,3253,3250,2.5577919113
194,3250,3919,8.51184967035
194,3919,3920,4.64431637261
194,3920,3271,1.13974169469
194,3271,3269,2.63225435976
194,3269,3370,17.6708001766
194,3370,3376,7.44708382192
194,3376,6358,4.74568817741
195,3253,3250,2.5577919113
195,3250,3316,20.9329460909
195,3316,2072,67.9498818753
195,2072,999,25.9426157037
195,999,260,8.37635766155
195,260,276,4.41716180564
196,3253,3250,2.5577919113
196,3250,3316,20.9329460909
196,3316,3135,28.6362274595
196,3135,3137,1.09333302871
196,3137,2072,38.2792649384
196,2072,999,25.9426157037
196,999,260,8.37635766155
196,260,276,4.41716180564
197,3253,3250,2.5577919113
197,3250,3316,20.9329460909
197,3316,3135,28.6362274595
197,3135,3137,1.09333302871
197,3137,2195,22.6465638377
197,2195,2072,15.6392510036
197,2072,999,25.9426157037
197,999,260,8.37635766155
197,260,276,4.41716180564
198,3253,3250,2.5577919113
198,3250,3316,20.9329460909
198,3316,2072,67.9498818753
198,2072,999,25.9426157037
198,999,260,8.37635766155
198,260,277,5.17331110851
199,3253,3250,2.5577919113
199,3250,3316,20.9329460909
199,3316,3135,28.6362274595
199,3135,3137,1.09333302871
199,3137,2072,38.2792649384
199,2072,999,25.9426157037
199,999,260,8.37635766155
199,260,277,5.17331110851
200,3253,3250,2.5577919113
200,3250,3316,20.9329460909
200,3316,3135,28.6362274595
200,3135,3137,1.09333302871
200,3137,2195,22.6465638377
200,2195,2072,15.6392510036
200,2072,999,25.9426157037
200,999,260,8.37635766155
200,260,277,5.17331110851
201,3253,3250,2.5577919113
201,3250,3316,20.9329460909
201,3316,2188,54.1864665177
201,2188,478,64.1245277676
201,478,16,22.9425352236
201,16,8,29.0732293568
201,8,4248,0
201,4248,5439,0
201,5439,8208,0.725090795389
202,3253,3250,2.5577919113
202,3250,3316,20.9329460909
202,3316,3144,26.5160697642
202,3144,2188,27.6705449765
202,2188,478,64.1245277676
202,478,16,22.9425352236
202,16,8,29.0732293568
202,8,4248,0
202,4248,5439,0
202,5439,8208,0.725090795389
203,3253,3250,2.5577919113
203,3250,3316,20.9329460909
203,3316,3144,26.5160697642
203,3144,2194,24.3182749167
203,2194,2188,3.35862356325
203,2188,478,64.1245277676
203,478,16,22.9425352236
203,16,8,29.0732293568
203,8,4248,0
203,4248,5439,0
203,5439,8208,0.725090795389
204,3253,3250,2.5577919113
204,3250,3919,8.51184967035
204,3919,3920,4.64431637261
204,3920,3271,1.13974169469
204,3271,3269,2.63225435976
204,3269,2397,9.90755426056
204,2397,2264,8.09627089705
204,2264,2272,1.22660295487
204,2272,2268,1.21262997124
205,3253,3250,2.5577919113
205,3250,3919,8.51184967035
205,3919,3920,4.64431637261
205,3920,3271,1.13974169469
205,3271,3269,2.63225435976
205,3269,2433,4.67018231586
205,2433,2397,5.27555010313
205,2397,2264,8.09627089705
205,2264,2272,1.22660295487
205,2272,2268,1.21262997124
206,3253,3250,2.5577919113
206,3250,3919,8.51184967035
206,3919,3920,4.64431637261
206,3920,3271,1.13974169469
206,3271,3269,2.63225435976
206,3269,2397,9.90755426056
206,2397,2264,8.09627089705
206,2264,2278,1.92320872548
206,2278,2268,1.02584972132
207,3253,3250,2.5577919113
207,3250,3919,8.51184967035
207,3919,3920,4.64431637261
207,3920,3271,1.13974169469
207,3271,3269,2.63225435976
207,3269,2397,9.90755426056
207,2397,2264,8.09627089705
207,2264,2278,1.92320872548
207,2278,2275,1.04838007949
207,2275,2262,2.35774447493
208,3253,3250,2.5577919113
208,3250,3919,8.51184967035
208,3919,3920,4.64431637261
208,3920,3271,1.13974169469
208,3271,3269,2.63225435976
208,3269,2433,4.67018231586
208,2433,2397,5.27555010313
208,2397,2264,8.09627089705
208,2264,2278,1.92320872548
208,2278,2275,1.04838007949
208,2275,2262,2.35774447493
209,3253,3250,2.5577919113
209,3250,3919,8.51184967035
209,3919,3920,4.64431637261
209,3920,3271,1.13974169469
209,3271,3269,2.63225435976
209,3269,2397,9.90755426056
209,2397,2264,8.09627089705
209,2264,2272,1.22660295487
209,2272,2275,2.44005949472
209,2275,2262,2.35774447493
210,3253,3250,2.5577919113
210,3250,3316,20.9329460909
210,3316,3205,9.83460853991
210,3205,6190,2.08705643631
211,3253,3250,2.5577919113
211,3250,3919,8.51184967035
211,3919,3316,13.1630613084
211,3316,3205,9.83460853991
211,3205,6190,2.08705643631
212,3253,3250,2.5577919113
212,3250,3316,20.9329460909
212,3316,3304,2.67652517659
212,3304,3205,9.4657413166
212,3205,6190,2.08705643631
213,3253,3250,2.5577919113
213,3250,3919,8.51184967035
213,3919,3920,4.64431637261
213,3920,3271,1.13974169469
213,3271,3269,2.63225435976
213,3269,2397,9.90755426056
213,2397,2264,8.09627089705
214,3253,3250,2.5577919113
214,3250,3919,8.51184967035
214,3919,3920,4.64431637261
214,3920,3271,1.13974169469
214,3271,3269,2.63225435976
214,3269,2433,4.67018231586
214,2433,2397,5.27555010313
214,2397,2264,8.09627089705
215,3253,3250,2.5577919113
215,3250,3919,8.51184967035
215,3919,3920,4.64431637261
215,3920,3271,1.13974169469
215,3271,4141,1.58224520924
215,4141,3269,2.00832387376
215,3269,2397,9.90755426056
215,2397,2264,8.09627089705
216,3253,3250,2.5577919113
216,3250,3316,20.9329460909
216,3316,813,80.581800185
216,813,2564,74.7679552798
216,2564,2442,16.3205326177
217,3253,3250,2.5577919113
217,3250,3316,20.9329460909
217,3316,813,80.581800185
217,813,2564,74.7679552798
217,2564,2545,3.41836712388
217,2545,2442,12.9200405463
218,3253,3250,2.5577919113
218,3250,3316,20.9329460909
218,3316,813,80.581800185
218,813,2564,74.7679552798
218,2564,2599,8.06801345816
218,2599,2442,8.56246804809
219,3253,3250,2.5577919113
219,3250,3316,20.9329460909
219,3316,813,80.581800185
219,813,2564,74.7679552798
219,2564,2443,19.4100349813
220,3253,3250,2.5577919113
220,3250,3919,8.51184967035
220,3919,3316,13.1630613084
220,3316,813,80.581800185
220,813,2564,74.7679552798
220,2564,2443,19.4100349813
221,3253,3250,2.5577919113
221,3250,3316,20.9329460909
221,3316,813,80.581800185
221,813,2564,74.7679552798
221,2564,2440,17.160290433
221,2440,2443,3.77005647703
222,3253,3250,2.5577919113
222,3250,3316,20.9329460909
222,3316,813,80.581800185
222,813,2564,74.7679552798
222,2564,2440,17.160290433
223,3253,3250,2.5577919113
223,3250,3919,8.51184967035
223,3919,3316,13.1630613084
223,3316,813,80.581800185
223,813,2564,74.7679552798
223,2564,2440,17.160290433
224,3253,3250,2.5577919113
224,3250,3316,20.9329460909
224,3316,3024,24.8048962515
224,3024,994,27.0936357355
224,994,4059,18.8942742173
224,4059,951,24.8669921055
224,951,2564,61.4580559643
224,2564,2440,17.160290433
225,3253,3250,2.5577919113
225,3250,3316,20.9329460909
225,3316,813,80.581800185
225,813,2564,74.7679552798
225,2564,2442,16.3205326177
225,2442,2441,3.72149855032
226,3253,3250,2.5577919113
226,3250,3316,20.9329460909
226,3316,813,80.581800185
226,813,2564,74.7679552798
226,2564,2545,3.41836712388
226,2545,2442,12.9200405463
226,2442,2441,3.72149855032
227,3253,3250,2.5577919113
227,3250,3316,20.9329460909
227,3316,813,80.581800185
227,813,2564,74.7679552798
227,2564,2599,8.06801345816
227,2599,2442,8.56246804809
227,2442,2441,3.72149855032
228,3253,3250,2.5577919113
228,3250,3316,20.9329460909
228,3316,3205,9.83460853991
228,3205,6193,3.94307602912
229,3253,3250,2.5577919113
229,3250,3919,8.51184967035
229,3919,3316,13.1630613084
229,3316,3205,9.83460853991
229,3205,6193,3.94307602912
230,3253,3250,2.5577919113
230,3250,3316,20.9329460909
230,3316,3304,2.67652517659
230,3304,3205,9.4657413166
230,3205,6193,3.94307602912
231,3253,3250,2.5577919113
231,3250,3316,20.9329460909
231,3316,3144,26.5160697642
231,3144,2194,24.3182749167
231,2194,2157,8.23299373691
231,2157,2121,3.29318924746
231,2121,2103,3.48670663049
232,3253,3250,2.5577919113
232,3250,3316,20.9329460909
232,3316,3304,2.67652517659
232,3304,2194,48.1706342034
232,2194,2157,8.23299373691
232,2157,2121,3.29318924746
232,2121,2103,3.48670663049
233,3253,3250,2.5577919113
233,3250,3316,20.9329460909
233,3316,3304,2.67652517659
233,3304,3144,23.8526755841
233,3144,2194,24.3182749167
233,2194,2157,8.23299373691
233,2157,2121,3.29318924746
233,2121,2103,3.48670663049
234,3253,3250,2.5577919113
234,3250,3919,8.51184967035
234,3919,3920,4.64431637261
234,3920,3271,1.13974169469
234,3271,3269,2.63225435976
234,3269,2397,9.90755426056
234,2397,3728,81.3415163206
234,3728,156,44.5399076123
234,156,108,8.86863740271
235,3253,3250,2.5577919113
235,3250,3919,8.51184967035
235,3919,3920,4.64431637261
235,3920,3271,1.13974169469
235,3271,3269,2.63225435976
235,3269,2433,4.67018231586
235,2433,2397,5.27555010313
235,2397,3728,81.3415163206
235,3728,156,44.5399076123
235,156,108,8.86863740271
236,3253,3250,2.5577919113
236,3250,3919,8.51184967035
236,3919,3920,4.64431637261
236,3920,3271,1.13974169469
236,3271,3269,2.63225435976
236,3269,2397,9.90755426056
236,2397,3728,81.3415163206
236,3728,3456,1.55268770705
236,3456,156,43.6568464109
236,156,108,8.86863740271
237,3253,3250,2.5577919113
237,3250,3919,8.51184967035
237,3919,3920,4.64431637261
237,3920,3271,1.13974169469
237,3271,3269,2.63225435976
237,3269,2397,9.90755426056
237,2397,3728,81.3415163206
237,3728,156,44.5399076123
237,156,90,14.0972354317
237,90,109,2.11650553121
238,3253,3250,2.5577919113
238,3250,3919,8.51184967035
238,3919,3920,4.64431637261
238,3920,3271,1.13974169469
238,3271,3269,2.63225435976
238,3269,2433,4.67018231586
238,2433,2397,5.27555010313
238,2397,3728,81.3415163206
238,3728,156,44.5399076123
238,156,90,14.0972354317
238,90,109,2.11650553121
239,3253,3250,2.5577919113
239,3250,3919,8.51184967035
239,3919,3920,4.64431637261
239,3920,3271,1.13974169469
239,3271,3269,2.63225435976
239,3269,2397,9.90755426056
239,2397,3728,81.3415163206
239,3728,3577,44.171675332
239,3577,49,10.5139510666
239,49,90,4.09143510562
239,90,109,2.11650553121
240,3253,3250,2.5577919113
240,3250,3316,20.9329460909
240,3316,3304,2.67652517659
240,3304,4330,60.1951328661
240,4330,3964,8.24814088595
240,3964,2939,16.9196791028
240,2939,7863,6.25723110337
241,3253,3250,2.5577919113
241,3250,3316,20.9329460909
241,3316,3304,2.67652517659
241,3304,2206,41.0457518116
241,2206,4330,19.150114863
241,4330,3964,8.24814088595
241,3964,2939,16.9196791028
241,2939,7863,6.25723110337
242,3253,3250,2.5577919113
242,3250,3316,20.9329460909
242,3316,2997,35.8258173146
242,2997,4330,27.1690181582
242,4330,3964,8.24814088595
242,3964,2939,16.9196791028
242,2939,7863,6.25723110337
243,3253,3250,2.5577919113
243,3250,3316,20.9329460909
243,3316,3120,16.6995351609
243,3120,3115,1.95086823187
243,3115,3381,2.50500851217
243,3381,7862,3.73604909534
244,3253,3250,2.5577919113
244,3250,3316,20.9329460909
244,3316,3035,12.0618679528
244,3035,3115,6.69366090668
244,3115,3381,2.50500851217
244,3381,7862,3.73604909534
245,3253,3250,2.5577919113
245,3250,3316,20.9329460909
245,3316,3034,10.2317780355
245,3034,3120,6.83362653206
245,3120,3115,1.95086823187
245,3115,3381,2.50500851217
245,3381,7862,3.73604909534
246,3253,3250,2.5577919113
246,3250,3919,8.51184967035
246,3919,3920,4.64431637261
246,3920,3271,1.13974169469
246,3271,3269,2.63225435976
246,3269,2397,9.90755426056
246,2397,3484,122.128150389
246,3484,3830,31.5439997358
246,3830,100,12.6843066322
247,3253,3250,2.5577919113
247,3250,3919,8.51184967035
247,3919,3920,4.64431637261
247,3920,3271,1.13974169469
247,3271,3269,2.63225435976
247,3269,2433,4.67018231586
247,2433,2397,5.27555010313
247,2397,3484,122.128150389
247,3484,3830,31.5439997358
247,3830,100,12.6843066322
248,3253,3250,2.5577919113
248,3250,3919,8.51184967035
248,3919,3920,4.64431637261
248,3920,3271,1.13974169469
248,3271,3269,2.63225435976
248,3269,2397,9.90755426056
248,2397,3484,122.128150389
248,3484,193,39.9806315255
248,193,100,4.28948929404
249,3253,3250,2.5577919113
249,3250,3919,8.51184967035
249,3919,3920,4.64431637261
249,3920,3271,1.13974169469
249,3271,3269,2.63225435976
249,3269,2397,9.90755426056
249,2397,3484,122.128150389
249,3484,3830,31.5439997358
249,3830,111,17.1985374213
249,111,202,6.17035814592
249,202,106,2.01450783942
250,3253,3250,2.5577919113
250,3250,3919,8.51184967035
250,3919,3920,4.64431637261
250,3920,3271,1.13974169469
250,3271,3269,2.63225435976
250,3269,2397,9.90755426056
250,2397,3484,122.128150389
250,3484,3830,31.5439997358
250,3830,100,12.6843066322
250,100,111,4.52106857888
250,111,202,6.17035814592
250,202,106,2.01450783942
251,3253,3250,2.5577919113
251,3250,3919,8.51184967035
251,3919,3920,4.64431637261
251,3920,3271,1.13974169469
251,3271,3269,2.63225435976
251,3269,2397,9.90755426056
251,2397,3484,122.128150389
251,3484,3830,31.5439997358
251,3830,111,17.1985374213
251,111,192,3.6672647417
251,192,202,2.52597559262
251,202,106,2.01450783942
252,3253,3250,2.5577919113
252,3250,3919,8.51184967035
252,3919,3920,4.64431637261
252,3920,3271,1.13974169469
252,3271,3269,2.63225435976
252,3269,2397,9.90755426056
252,2397,3484,122.128150389
252,3484,3877,3.89497728028
252,3877,160,22.6298362748
252,160,121,8.06404471014
252,121,105,3.20081221714
253,3253,3250,2.5577919113
253,3250,3919,8.51184967035
253,3919,3920,4.64431637261
253,3920,3271,1.13974169469
253,3271,3269,2.63225435976
253,3269,2433,4.67018231586
253,2433,2397,5.27555010313
253,2397,3484,122.128150389
253,3484,3877,3.89497728028
253,3877,160,22.6298362748
253,160,121,8.06404471014
253,121,105,3.20081221714
254,3253,3250,2.5577919113
254,3250,3919,8.51184967035
254,3919,3920,4.64431637261
254,3920,3271,1.13974169469
254,3271,3269,2.63225435976
254,3269,2397,9.90755426056
254,2397,3484,122.128150389
254,3484,3877,3.89497728028
254,3877,160,22.6298362748
254,160,115,2.87937359332
254,115,67,1.6194777671
254,67,121,3.71880281183
254,121,105,3.20081221714
255,3253,3240,9.79743990773
255,3240,3940,5.73030158111
255,3940,3320,42.2788887438
255,3320,2042,25.78325348
255,2042,2046,3.25007776444
256,3253,3240,9.79743990773
256,3240,8401,4.93953497804
256,8401,3940,1.10971292367
256,3940,3320,42.2788887438
256,3320,2042,25.78325348
256,2042,2046,3.25007776444
257,3253,3240,9.79743990773
257,3240,3940,5.73030158111
257,3940,3361,43.9506069463
257,3361,2042,24.7540427953
257,2042,2046,3.25007776444
258,3253,3240,9.79743990773
258,3240,3940,5.73030158111
258,3940,3320,42.2788887438
258,3320,2006,23.7155054362
258,2006,2047,2.96327500034
259,3253,3240,9.79743990773
259,3240,8401,4.93953497804
259,8401,3940,1.10971292367
259,3940,3320,42.2788887438
259,3320,2006,23.7155054362
259,2006,2047,2.96327500034
260,3253,3240,9.79743990773
260,3240,3940,5.73030158111
260,3940,3999,16.1321886596
260,3999,3320,26.8086508846
260,3320,2006,23.7155054362
260,2006,2047,2.96327500034
261,3253,3250,2.5577919113
261,3250,3919,8.51184967035
261,3919,3920,4.64431637261
261,3920,3271,1.13974169469
261,3271,3269,2.63225435976
261,3269,2397,9.90755426056
261,2397,3484,122.128150389
261,3484,4019,11.8499472452
261,4019,3597,3.57886742387
262,3253,3250,2.5577919113
262,3250,3919,8.51184967035
262,3919,3920,4.64431637261
262,3920,3271,1.13974169469
262,3271,3269,2.63225435976
262,3269,2433,4.67018231586
262,2433,2397,5.27555010313
262,2397,3484,122.128150389
262,3484,4019,11.8499472452
262,4019,3597,3.57886742387
263,3253,3250,2.5577919113
263,3250,3919,8.51184967035
263,3919,3920,4.64431637261
263,3920,3271,1.13974169469
263,3271,3269,2.63225435976
263,3269,2397,9.90755426056
263,2397,3484,122.128150389
263,3484,3462,6.41615418281
263,3462,4019,5.63660560178
263,4019,3597,3.57886742387
264,3253,3240,9.79743990773
264,3240,3940,5.73030158111
264,3940,3320,42.2788887438
264,3320,2006,23.7155054362
264,2006,2045,1.31127169829
265,3253,3240,9.79743990773
265,3240,8401,4.93953497804
265,8401,3940,1.10971292367
265,3940,3320,42.2788887438
265,3320,2006,23.7155054362
265,2006,2045,1.31127169829
266,3253,3240,9.79743990773
266,3240,3940,5.73030158111
266,3940,3999,16.1321886596
266,3999,3320,26.8086508846
266,3320,2006,23.7155054362
266,2006,2045,1.31127169829
267,3253,3240,9.79743990773
267,3240,3940,5.73030158111
267,3940,3320,42.2788887438
267,3320,2042,25.78325348
268,3253,3240,9.79743990773
268,3240,8401,4.93953497804
268,8401,3940,1.10971292367
268,3940,3320,42.2788887438
268,3320,2042,25.78325348
269,3253,3240,9.79743990773
269,3240,3940,5.73030158111
269,3940,3361,43.9506069463
269,3361,2042,24.7540427953
270,3253,3240,9.79743990773
270,3240,3940,5.73030158111
270,3940,3320,42.2788887438
270,3320,2006,23.7155054362
270,2006,2041,2.30987424833
271,3253,3240,9.79743990773
271,3240,8401,4.93953497804
271,8401,3940,1.10971292367
271,3940,3320,42.2788887438
271,3320,2006,23.7155054362
271,2006,2041,2.30987424833
272,3253,3240,9.79743990773
272,3240,3940,5.73030158111
272,3940,3999,16.1321886596
272,3999,3320,26.8086508846
272,3320,2006,23.7155054362
272,2006,2041,2.30987424833
273,3253,3250,2.5577919113
273,3250,3316,20.9329460909
273,3316,3093,38.2602663222
273,3093,2048,15.9093975336
274,3253,3250,2.5577919113
274,3250,3316,20.9329460909
274,3316,3304,2.67652517659
274,3304,3093,35.6681818644
274,3093,2048,15.9093975336
275,3253,3250,2.5577919113
275,3250,3316,20.9329460909
275,3316,3066,26.4458342216
275,3066,3093,12.4535951439
275,3093,2048,15.9093975336
276,3253,3250,2.5577919113
276,3250,3316,20.9329460909
276,3316,3382,23.7756117361
276,3382,6378,2.37205372295
277,3253,3250,2.5577919113
277,3250,3316,20.9329460909
277,3316,3035,12.0618679528
277,3035,3382,11.7246051882
277,3382,6378,2.37205372295
278,3253,3250,2.5577919113
278,3250,3316,20.9329460909
278,3316,3120,16.6995351609
278,3120,3382,7.12306166665
278,3382,6378,2.37205372295
279,3253,3250,2.5577919113
279,3250,3919,8.51184967035
279,3919,3920,4.64431637261
279,3920,3271,1.13974169469
279,3271,3269,2.63225435976
279,3269,3374,16.851629355
279,3374,6379,3.35660944028
280,3253,3250,2.5577919113
280,3250,3919,8.51184967035
280,3919,3920,4.64431637261
280,3920,3271,1.13974169469
280,3271,3269,2.63225435976
280,3269,3370,17.6708001766
280,3370,6379,2.87162817483
281,3253,3250,2.5577919113
281,3250,3919,8.51184967035
281,3919,3920,4.64431637261
281,3920,3271,1.13974169469
281,3271,3269,2.63225435976
281,3269,3077,16.5104441461
281,3077,3370,1.24636450747
281,3370,6379,2.87162817483
282,3253,3250,2.5577919113
282,3250,3919,8.51184967035
282,3919,3920,4.64431637261
282,3920,3271,1.13974169469
282,3271,3269,2.63225435976
282,3269,3077,16.5104441461
282,3077,3380,26.5158323949
282,3380,6371,6.29139508529
282,6371,6370,4.48796466786
283,3253,3250,2.5577919113
283,3250,3919,8.51184967035
283,3919,3920,4.64431637261
283,3920,3271,1.13974169469
283,3271,4141,1.58224520924
283,4141,3269,2.00832387376
283,3269,3077,16.5104441461
283,3077,3380,26.5158323949
283,3380,6371,6.29139508529
283,6371,6370,4.48796466786
284,3253,3250,2.5577919113
284,3250,3919,8.51184967035
284,3919,3920,4.64431637261
284,3920,3271,1.13974169469
284,3271,4141,1.58224520924
284,4141,6222,1.59354793416
284,6222,3269,1.25976793697
284,3269,3077,16.5104441461
284,3077,3380,26.5158323949
284,3380,6371,6.29139508529
284,6371,6370,4.48796466786
285,3253,3250,2.5577919113
285,3250,3919,8.51184967035
285,3919,3920,4.64431637261
285,3920,3271,1.13974169469
285,3271,3269,2.63225435976
285,3269,3077,16.5104441461
285,3077,3380,26.5158323949
285,3380,6371,6.29139508529
286,3253,3250,2.5577919113
286,3250,3919,8.51184967035
286,3919,3920,4.64431637261
286,3920,3271,1.13974169469
286,3271,4141,1.58224520924
286,4141,3269,2.00832387376
286,3269,3077,16.5104441461
286,3077,3380,26.5158323949
286,3380,6371,6.29139508529
287,3253,3250,2.5577919113
287,3250,3919,8.51184967035
287,3919,3920,4.64431637261
287,3920,3271,1.13974169469
287,3271,4141,1.58224520924
287,4141,6222,1.59354793416
287,6222,3269,1.25976793697
287,3269,3077,16.5104441461
287,3077,3380,26.5158323949
287,3380,6371,6.29139508529
288,3253,3250,2.5577919113
288,3250,3316,20.9329460909
288,3316,2188,54.1864665177
288,2188,2104,8.97853111015
289,3253,3250,2.5577919113
289,3250,3316,20.9329460909
289,3316,2188,54.1864665177
289,2188,2109,1.88083702055
289,2109,2104,7.09769500307
290,3253,3250,2.5577919113
290,3250,3316,20.9329460909
290,3316,3144,26.5160697642
290,3144,2188,27.6705449765
290,2188,2104,8.97853111015
291,3253,3250,2.5577919113
291,3250,3919,8.51184967035
291,3919,3920,4.64431637261
291,3920,3271,1.13974169469
291,3271,3269,2.63225435976
291,3269,3077,16.5104441461
291,3077,3380,26.5158323949
291,3380,6374,6.91197001663
292,3253,3250,2.5577919113
292,3250,3919,8.51184967035
292,3919,3920,4.64431637261
292,3920,3271,1.13974169469
292,3271,4141,1.58224520924
292,4141,3269,2.00832387376
292,3269,3077,16.5104441461
292,3077,3380,26.5158323949
292,3380,6374,6.91197001663
293,3253,3250,2.5577919113
293,3250,3919,8.51184967035
293,3919,3920,4.64431637261
293,3920,3271,1.13974169469
293,3271,4141,1.58224520924
293,4141,6222,1.59354793416
293,6222,3269,1.25976793697
293,3269,3077,16.5104441461
293,3077,3380,26.5158323949
293,3380,6374,6.91197001663
294,3253,3250,2.5577919113
294,3250,3316,20.9329460909
294,3316,3120,16.6995351609
294,3120,3115,1.95086823187
294,3115,3381,2.50500851217
294,3381,6375,5.91957518774
295,3253,3250,2.5577919113
295,3250,3316,20.9329460909
295,3316,3035,12.0618679528
295,3035,3115,6.69366090668
295,3115,3381,2.50500851217
295,3381,6375,5.91957518774
296,3253,3250,2.5577919113
296,3250,3316,20.9329460909
296,3316,3034,10.2317780355
296,3034,3120,6.83362653206
296,3120,3115,1.95086823187
296,3115,3381,2.50500851217
296,3381,6375,5.91957518774
297,3253,3250,2.5577919113
297,3250,3316,20.9329460909
297,3316,3382,23.7756117361
297,3382,6376,4.45296488316
298,3253,3250,2.5577919113
298,3250,3316,20.9329460909
298,3316,3035,12.0618679528
298,3035,3382,11.7246051882
298,3382,6376,4.45296488316
299,3253,3250,2.5577919113
299,3250,3316,20.9329460909
299,3316,3120,16.6995351609
299,3120,3382,7.12306166665
299,3382,6376,4.45296488316
300,3253,3250,2.5577919113
300,3250,3316,20.9329460909
300,3316,3382,23.7756117361
300,3382,6377,3.03502737618
301,3253,3250,2.5577919113
301,3250,3316,20.9329460909
301,3316,3035,12.0618679528
301,3035,3382,11.7246051882
301,3382,6377,3.03502737618
302,3253,3250,2.5577919113
302,3250,3316,20.9329460909
302,3316,3120,16.6995351609
302,3120,3382,7.12306166665
302,3382,6377,3.03502737618
303,3253,3250,2.5577919113
303,3250,3316,20.9329460909
303,3316,3120,16.6995351609
303,3120,4142,3.19768953894
304,3253,3250,2.5577919113
304,3250,3316,20.9329460909
304,3316,3034,10.2317780355
304,3034,3120,6.83362653206
304,3120,4142,3.19768953894
305,3253,3250,2.5577919113
305,3250,3316,20.9329460909
305,3316,3885,12.7512492147
305,3885,3120,4.67438107475
305,3120,4142,3.19768953894
306,3253,3250,2.5577919113
306,3250,3316,20.9329460909
306,3316,11051,57.5898511957
306,11051,3941,30.4242115451
306,3941,1460,4.36318243463
306,1460,1553,7.63967055011
306,1553,9327,5.20916233937
307,3253,3250,2.5577919113
307,3250,3316,20.9329460909
307,3316,3131,28.8342090898
307,3131,11051,28.7563502571
307,11051,3941,30.4242115451
307,3941,1460,4.36318243463
307,1460,1553,7.63967055011
307,1553,9327,5.20916233937
308,3253,3250,2.5577919113
308,3250,3316,20.9329460909
308,3316,2179,54.4751154599
308,2179,3941,33.5445543779
308,3941,1460,4.36318243463
308,1460,1553,7.63967055011
308,1553,9327,5.20916233937
309,3253,3250,2.5577919113
309,3250,3316,20.9329460909
309,3316,813,80.581800185
309,813,1001,6.13308514128
310,3253,3250,2.5577919113
310,3250,3919,8.51184967035
310,3919,3316,13.1630613084
310,3316,813,80.581800185
310,813,1001,6.13308514128
311,3253,3250,2.5577919113
311,3250,3316,20.9329460909
311,3316,3304,2.67652517659
311,3304,893,49.7537993655
311,893,813,29.9860804744
311,813,1001,6.13308514128
312,3253,3250,2.5577919113
312,3250,3919,8.51184967035
312,3919,3920,4.64431637261
312,3920,3271,1.13974169469
312,3271,3269,2.63225435976
312,3269,3077,16.5104441461
312,3077,3364,17.9706549597
312,3364,2937,17.2420217727
312,2937,8944,11.3331351487
313,3253,3250,2.5577919113
313,3250,3919,8.51184967035
313,3919,3920,4.64431637261
313,3920,3271,1.13974169469
313,3271,3269,2.63225435976
313,3269,3374,16.851629355
313,3374,3364,17.6600296908
313,3364,2937,17.2420217727
313,2937,8944,11.3331351487
314,3253,3250,2.5577919113
314,3250,3919,8.51184967035
314,3919,3920,4.64431637261
314,3920,3271,1.13974169469
314,3271,3269,2.63225435976
314,3269,3374,16.851629355
314,3374,9107,5.18689372488
314,9107,3364,12.4872900145
314,3364,2937,17.2420217727
314,2937,8944,11.3331351487
315,3253,3250,2.5577919113
315,3250,3919,8.51184967035
315,3919,3920,4.64431637261
315,3920,3271,1.13974169469
315,3271,3269,2.63225435976
315,3269,2397,9.90755426056
315,2397,3728,81.3415163206
315,3728,3550,63.1796757074
315,3550,3513,2.12283761401
316,3253,3250,2.5577919113
316,3250,3919,8.51184967035
316,3919,3920,4.64431637261
316,3920,3271,1.13974169469
316,3271,3269,2.63225435976
316,3269,2433,4.67018231586
316,2433,2397,5.27555010313
316,2397,3728,81.3415163206
316,3728,3550,63.1796757074
316,3550,3513,2.12283761401
317,3253,3250,2.5577919113
317,3250,3919,8.51184967035
317,3919,3920,4.64431637261
317,3920,3271,1.13974169469
317,3271,4141,1.58224520924
317,4141,3269,2.00832387376
317,3269,2397,9.90755426056
317,2397,3728,81.3415163206
317,3728,3550,63.1796757074
317,3550,3513,2.12283761401
318,3253,3250,2.5577919113
318,3250,3919,8.51184967035
318,3919,3920,4.64431637261
318,3920,3271,1.13974169469
318,3271,3269,2.63225435976
318,3269,2397,9.90755426056
318,2397,3728,81.3415163206
318,3728,3577,44.171675332
318,3577,49,10.5139510666
318,49,7266,7.79843326033
319,3253,3250,2.5577919113
319,3250,3919,8.51184967035
319,3919,3920,4.64431637261
319,3920,3271,1.13974169469
319,3271,3269,2.63225435976
319,3269,2433,4.67018231586
319,2433,2397,5.27555010313
319,2397,3728,81.3415163206
319,3728,3577,44.171675332
319,3577,49,10.5139510666
319,49,7266,7.79843326033
320,3253,3250,2.5577919113
320,3250,3919,8.51184967035
320,3919,3920,4.64431637261
320,3920,3271,1.13974169469
320,3271,3269,2.63225435976
320,3269,2397,9.90755426056
320,2397,3728,81.3415163206
320,3728,3577,44.171675332
320,3577,87,3.85698154759
320,87,49,6.69801415256
320,49,7266,7.79843326033
321,3253,3250,2.5577919113
321,3250,3919,8.51184967035
321,3919,3920,4.64431637261
321,3920,3271,1.13974169469
321,3271,3269,2.63225435976
321,3269,2397,9.90755426056
321,2397,3484,122.128150389
321,3484,3752,43.5722281204
321,3752,3589,1.94418912491
321,3589,3517,3.65214447643
322,3253,3250,2.5577919113
322,3250,3919,8.51184967035
322,3919,3920,4.64431637261
322,3920,3271,1.13974169469
322,3271,3269,2.63225435976
322,3269,2397,9.90755426056
322,2397,3484,122.128150389
322,3484,3488,34.1244068473
322,3488,3752,9.46257074056
322,3752,3589,1.94418912491
322,3589,3517,3.65214447643
323,3253,3250,2.5577919113
323,3250,3919,8.51184967035
323,3919,3920,4.64431637261
323,3920,3271,1.13974169469
323,3271,3269,2.63225435976
323,3269,2397,9.90755426056
323,2397,3484,122.128150389
323,3484,3752,43.5722281204
323,3752,3589,1.94418912491
323,3589,4265,3.11044126692
323,4265,3517,0.571512626185
324,3253,3250,2.5577919113
324,3250,3919,8.51184967035
324,3919,3920,4.64431637261
324,3920,3271,1.13974169469
324,3271,3269,2.63225435976
324,3269,2397,9.90755426056
324,2397,3728,81.3415163206
324,3728,3682,74.520913243
324,3682,3515,5.49997013594
325,3253,3250,2.5577919113
325,3250,3919,8.51184967035
325,3919,3920,4.64431637261
325,3920,3271,1.13974169469
325,3271,3269,2.63225435976
325,3269,2433,4.67018231586
325,2433,2397,5.27555010313
325,2397,3728,81.3415163206
325,3728,3682,74.520913243
325,3682,3515,5.49997013594
326,3253,3250,2.5577919113
326,3250,3919,8.51184967035
326,3919,3920,4.64431637261
326,3920,3271,1.13974169469
326,3271,3269,2.63225435976
326,3269,2397,9.90755426056
326,2397,3728,81.3415163206
326,3728,3670,61.9769350893
326,3670,3515,18.1266178242
327,3253,3250,2.5577919113
327,3250,3919,8.51184967035
327,3919,3920,4.64431637261
327,3920,3271,1.13974169469
327,3271,3269,2.63225435976
327,3269,2397,9.90755426056
327,2397,3728,81.3415163206
327,3728,3514,2.45589905843
328,3253,3250,2.5577919113
328,3250,3919,8.51184967035
328,3919,3920,4.64431637261
328,3920,3271,1.13974169469
328,3271,3269,2.63225435976
328,3269,2433,4.67018231586
328,2433,2397,5.27555010313
328,2397,3728,81.3415163206
328,3728,3514,2.45589905843
329,3253,3250,2.5577919113
329,3250,3919,8.51184967035
329,3919,3920,4.64431637261
329,3920,3271,1.13974169469
329,3271,3269,2.63225435976
329,3269,2397,9.90755426056
329,2397,3728,81.3415163206
329,3728,3796,1.30135491105
329,3796,3514,1.3755344522
330,3253,3240,9.79743990773
330,3240,3940,5.73030158111
330,3940,6204,4.13032728621
331,3253,3240,9.79743990773
331,3240,8401,4.93953497804
331,8401,3940,1.10971292367
331,3940,6204,4.13032728621
332,3253,3250,2.5577919113
332,3250,3240,8.51834875744
332,3240,3940,5.73030158111
332,3940,6204,4.13032728621
333,3253,3250,2.5577919113
333,3250,3919,8.51184967035
333,3919,3920,4.64431637261
333,3920,3271,1.13974169469
333,3271,3269,2.63225435976
333,3269,2397,9.90755426056
333,2397,3728,81.3415163206
333,3728,3731,42.3028752976
333,3731,1824,22.4739107638
333,1824,2688,28.4938950687
334,3253,3250,2.5577919113
334,3250,3919,8.51184967035
334,3919,3920,4.64431637261
334,3920,3271,1.13974169469
334,3271,3269,2.63225435976
334,3269,2433,4.67018231586
334,2433,2397,5.27555010313
334,2397,3728,81.3415163206
334,3728,3731,42.3028752976
334,3731,1824,22.4739107638
334,1824,2688,28.4938950687
335,3253,3250,2.5577919113
335,3250,3919,8.51184967035
335,3919,3920,4.64431637261
335,3920,3271,1.13974169469
335,3271,3269,2.63225435976
335,3269,2397,9.90755426056
335,2397,3484,122.128150389
335,3484,1824,24.1724401641
335,1824,2688,28.4938950687
336,3253,3240,9.79743990773
336,3240,8401,4.93953497804
336,8401,3351,23.185046155
336,3351,6266,6.11020133406
337,3253,3240,9.79743990773
337,3240,8401,4.93953497804
337,8401,3351,23.185046155
337,3351,7577,4.62970118773
337,7577,6266,1.61893231642
338,3253,3240,9.79743990773
338,3240,3940,5.73030158111
338,3940,3351,23.205923876
338,3351,6266,6.11020133406
339,3253,3250,2.5577919113
339,3250,3919,8.51184967035
339,3919,3920,4.64431637261
339,3920,3271,1.13974169469
339,3271,3269,2.63225435976
339,3269,2397,9.90755426056
339,2397,3728,81.3415163206
339,3728,3731,42.3028752976
339,3731,1824,22.4739107638
339,1824,2688,28.4938950687
339,2688,2680,2.18287499155
340,3253,3250,2.5577919113
340,3250,3919,8.51184967035
340,3919,3920,4.64431637261
340,3920,3271,1.13974169469
340,3271,3269,2.63225435976
340,3269,2433,4.67018231586
340,2433,2397,5.27555010313
340,2397,3728,81.3415163206
340,3728,3731,42.3028752976
340,3731,1824,22.4739107638
340,1824,2688,28.4938950687
340,2688,2680,2.18287499155
341,3253,3250,2.5577919113
341,3250,3919,8.51184967035
341,3919,3920,4.64431637261
341,3920,3271,1.13974169469
341,3271,3269,2.63225435976
341,3269,2397,9.90755426056
341,2397,3484,122.128150389
341,3484,1824,24.1724401641
341,1824,2688,28.4938950687
341,2688,2680,2.18287499155
342,3253,3250,2.5577919113
342,3250,3919,8.51184967035
342,3919,6209,3.46578231659
343,3253,3240,9.79743990773
343,3240,3919,4.63305490216
343,3919,6209,3.46578231659
344,3253,3250,2.5577919113
344,3250,3240,8.51834875744
344,3240,3919,4.63305490216
344,3919,6209,3.46578231659
345,3253,3250,2.5577919113
345,3250,3919,8.51184967035
345,3919,3920,4.64431637261
345,3920,3271,1.13974169469
345,3271,3269,2.63225435976
345,3269,2397,9.90755426056
345,2397,3728,81.3415163206
345,3728,3731,42.3028752976
345,3731,1824,22.4739107638
345,1824,2688,28.4938950687
345,2688,2683,2.46085135303
346,3253,3250,2.5577919113
346,3250,3919,8.51184967035
346,3919,3920,4.64431637261
346,3920,3271,1.13974169469
346,3271,3269,2.63225435976
346,3269,2433,4.67018231586
346,2433,2397,5.27555010313
346,2397,3728,81.3415163206
346,3728,3731,42.3028752976
346,3731,1824,22.4739107638
346,1824,2688,28.4938950687
346,2688,2683,2.46085135303
347,3253,3250,2.5577919113
347,3250,3919,8.51184967035
347,3919,3920,4.64431637261
347,3920,3271,1.13974169469
347,3271,3269,2.63225435976
347,3269,2397,9.90755426056
347,2397,3484,122.128150389
347,3484,1824,24.1724401641
347,1824,2688,28.4938950687
347,2688,2683,2.46085135303
348,3253,3240,9.79743990773
348,3240,3940,5.73030158111
348,3940,5,32.0605398671
348,5,4074,12.8350006698
348,4074,5407,1.40435118858
349,3253,3240,9.79743990773
349,3240,8401,4.93953497804
349,8401,3940,1.10971292367
349,3940,5,32.0605398671
349,5,4074,12.8350006698
349,4074,5407,1.40435118858
350,3253,3250,2.5577919113
350,3250,3240,8.51834875744
350,3240,3940,5.73030158111
350,3940,5,32.0605398671
350,5,4074,12.8350006698
350,4074,5407,1.40435118858
351,3253,3240,9.79743990773
351,3240,3940,5.73030158111
351,3940,3999,16.1321886596
352,3253,3240,9.79743990773
352,3240,8401,4.93953497804
352,8401,3940,1.10971292367
352,3940,3999,16.1321886596
353,3253,3240,9.79743990773
353,3240,3940,5.73030158111
353,3940,3310,10.3609659829
353,3310,3999,6.60279635355
354,3253,3250,2.5577919113
354,3250,3919,8.51184967035
354,3919,3920,4.64431637261
354,3920,3271,1.13974169469
354,3271,3269,2.63225435976
354,3269,2397,9.90755426056
354,2397,3728,81.3415163206
354,3728,3774,40.6347212484
354,3774,3610,4.56927982991
354,3610,6803,5.9013705025
355,3253,3250,2.5577919113
355,3250,3919,8.51184967035
355,3919,3920,4.64431637261
355,3920,3271,1.13974169469
355,3271,3269,2.63225435976
355,3269,2433,4.67018231586
355,2433,2397,5.27555010313
355,2397,3728,81.3415163206
355,3728,3774,40.6347212484
355,3774,3610,4.56927982991
355,3610,6803,5.9013705025
356,3253,3250,2.5577919113
356,3250,3919,8.51184967035
356,3919,3920,4.64431637261
356,3920,3271,1.13974169469
356,3271,4141,1.58224520924
356,4141,3269,2.00832387376
356,3269,2397,9.90755426056
356,2397,3728,81.3415163206
356,3728,3774,40.6347212484
356,3774,3610,4.56927982991
356,3610,6803,5.9013705025
357,3253,3250,2.5577919113
357,3250,3919,8.51184967035
357,3919,3920,4.64431637261
357,3920,3271,1.13974169469
357,3271,3269,2.63225435976
357,3269,2397,9.90755426056
357,2397,3484,122.128150389
357,3484,3645,36.0168835244
357,3645,6800,5.12952372223
358,3253,3250,2.5577919113
358,3250,3919,8.51184967035
358,3919,3920,4.64431637261
358,3920,3271,1.13974169469
358,3271,3269,2.63225435976
358,3269,2397,9.90755426056
358,2397,3484,122.128150389
358,3484,3458,24.2917149808
358,3458,3645,11.7284670085
358,3645,6800,5.12952372223
359,3253,3250,2.5577919113
359,3250,3919,8.51184967035
359,3919,3920,4.64431637261
359,3920,3271,1.13974169469
359,3271,3269,2.63225435976
359,3269,2433,4.67018231586
359,2433,2397,5.27555010313
359,2397,3484,122.128150389
359,3484,3645,36.0168835244
359,3645,6800,5.12952372223
360,3253,3250,2.5577919113
360,3250,3919,8.51184967035
360,3919,3920,4.64431637261
360,3920,3271,1.13974169469
360,3271,3269,2.63225435976
360,3269,2397,9.90755426056
360,2397,3728,81.3415163206
360,3728,3774,40.6347212484
360,3774,3599,11.8485678236
360,3599,9744,0.0975365847695
361,3253,3250,2.5577919113
361,3250,3919,8.51184967035
361,3919,3920,4.64431637261
361,3920,3271,1.13974169469
361,3271,3269,2.63225435976
361,3269,2433,4.67018231586
361,2433,2397,5.27555010313
361,2397,3728,81.3415163206
361,3728,3774,40.6347212484
361,3774,3599,11.8485678236
361,3599,9744,0.0975365847695
362,3253,3250,2.5577919113
362,3250,3919,8.51184967035
362,3919,3920,4.64431637261
362,3920,3271,1.13974169469
362,3271,3269,2.63225435976
362,3269,2397,9.90755426056
362,2397,3728,81.3415163206
362,3728,3774,40.6347212484
362,3774,5967,9.55567709721
362,5967,5964,0.799288853583
362,5964,3599,1.67728458948
362,3599,9744,0.0975365847695
363,3253,3250,2.5577919113
363,3250,3919,8.51184967035
363,3919,3920,4.64431637261
363,3920,3271,1.13974169469
363,3271,3269,2.63225435976
363,3269,2397,9.90755426056
363,2397,3728,81.3415163206
363,3728,3774,40.6347212484
363,3774,3794,7.10636448974
363,3794,9745,0
364,3253,3250,2.5577919113
364,3250,3919,8.51184967035
364,3919,3920,4.64431637261
364,3920,3271,1.13974169469
364,3271,3269,2.63225435976
364,3269,2433,4.67018231586
364,2433,2397,5.27555010313
364,2397,3728,81.3415163206
364,3728,3774,40.6347212484
364,3774,3794,7.10636448974
364,3794,9745,0
365,3253,3250,2.5577919113
365,3250,3919,8.51184967035
365,3919,3920,4.64431637261
365,3920,3271,1.13974169469
365,3271,4141,1.58224520924
365,4141,3269,2.00832387376
365,3269,2397,9.90755426056
365,2397,3728,81.3415163206
365,3728,3774,40.6347212484
365,3774,3794,7.10636448974
365,3794,9745,0
366,3253,3250,2.5577919113
366,3250,3919,8.51184967035
366,3919,3920,4.64431637261
366,3920,3271,1.13974169469
366,3271,3269,2.63225435976
366,3269,2397,9.90755426056
366,2397,3728,81.3415163206
366,3728,156,44.5399076123
366,156,30,2.22002054936
366,30,7275,3.54410141063
366,7275,9747,0
367,3253,3250,2.5577919113
367,3250,3919,8.51184967035
367,3919,3920,4.64431637261
367,3920,3271,1.13974169469
367,3271,3269,2.63225435976
367,3269,2397,9.90755426056
367,2397,3728,81.3415163206
367,3728,156,44.5399076123
367,156,119,1.77972010917
367,119,30,0.452834261264
367,30,7275,3.54410141063
367,7275,9747,0
368,3253,3250,2.5577919113
368,3250,3919,8.51184967035
368,3919,3920,4.64431637261
368,3920,3271,1.13974169469
368,3271,3269,2.63225435976
368,3269,2433,4.67018231586
368,2433,2397,5.27555010313
368,2397,3728,81.3415163206
368,3728,156,44.5399076123
368,156,30,2.22002054936
368,30,7275,3.54410141063
368,7275,9747,0
369,3253,3250,2.5577919113
369,3250,3919,8.51184967035
369,3919,3920,4.64431637261
369,3920,3271,1.13974169469
369,3271,3269,2.63225435976
369,3269,2397,9.90755426056
369,2397,3728,81.3415163206
369,3728,3774,40.6347212484
369,3774,3832,4.22306799688
369,3832,9741,0
370,3253,3250,2.5577919113
370,3250,3919,8.51184967035
370,3919,3920,4.64431637261
370,3920,3271,1.13974169469
370,3271,3269,2.63225435976
370,3269,2433,4.67018231586
370,2433,2397,5.27555010313
370,2397,3728,81.3415163206
370,3728,3774,40.6347212484
370,3774,3832,4.22306799688
370,3832,9741,0
371,3253,3250,2.5577919113
371,3250,3919,8.51184967035
371,3919,3920,4.64431637261
371,3920,3271,1.13974169469
371,3271,4141,1.58224520924
371,4141,3269,2.00832387376
371,3269,2397,9.90755426056
371,2397,3728,81.3415163206
371,3728,3774,40.6347212484
371,3774,3832,4.22306799688
371,3832,9741,0
372,3253,3250,2.5577919113
372,3250,3919,8.51184967035
372,3919,3920,4.64431637261
372,3920,3271,1.13974169469
372,3271,3269,2.63225435976
372,3269,2397,9.90755426056
372,2397,3728,81.3415163206
372,3728,3774,40.6347212484
372,3774,3599,11.8485678236
372,3599,7095,0.394136991184
372,7095,9742,0
373,3253,3250,2.5577919113
373,3250,3919,8.51184967035
373,3919,3920,4.64431637261
373,3920,3271,1.13974169469
373,3271,3269,2.63225435976
373,3269,2433,4.67018231586
373,2433,2397,5.27555010313
373,2397,3728,81.3415163206
373,3728,3774,40.6347212484
373,3774,3599,11.8485678236
373,3599,7095,0.394136991184
373,7095,9742,0
374,3253,3250,2.5577919113
374,3250,3919,8.51184967035
374,3919,3920,4.64431637261
374,3920,3271,1.13974169469
374,3271,3269,2.63225435976
374,3269,2397,9.90755426056
374,2397,3728,81.3415163206
374,3728,3774,40.6347212484
374,3774,5967,9.55567709721
374,5967,5964,0.799288853583
374,5964,3599,1.67728458948
374,3599,7095,0.394136991184
374,7095,9742,0
375,3253,3250,2.5577919113
375,3250,3919,8.51184967035
375,3919,3920,4.64431637261
375,3920,3271,1.13974169469
375,3271,3269,2.63225435976
375,3269,2397,9.90755426056
375,2397,3484,122.128150389
375,3484,3877,3.89497728028
375,3877,160,22.6298362748
375,160,121,8.06404471014
375,121,143,7.94965812109
375,143,91,2.82793718481
376,3253,3250,2.5577919113
376,3250,3919,8.51184967035
376,3919,3920,4.64431637261
376,3920,3271,1.13974169469
376,3271,3269,2.63225435976
376,3269,2433,4.67018231586
376,2433,2397,5.27555010313
376,2397,3484,122.128150389
376,3484,3877,3.89497728028
376,3877,160,22.6298362748
376,160,121,8.06404471014
376,121,143,7.94965812109
376,143,91,2.82793718481
377,3253,3250,2.5577919113
377,3250,3919,8.51184967035
377,3919,3920,4.64431637261
377,3920,3271,1.13974169469
377,3271,3269,2.63225435976
377,3269,2397,9.90755426056
377,2397,3728,81.3415163206
377,3728,156,44.5399076123
377,156,90,14.0972354317
378,3253,3250,2.5577919113
378,3250,3919,8.51184967035
378,3919,3920,4.64431637261
378,3920,3271,1.13974169469
378,3271,3269,2.63225435976
378,3269,2433,4.67018231586
378,2433,2397,5.27555010313
378,2397,3728,81.3415163206
378,3728,156,44.5399076123
378,156,90,14.0972354317
379,3253,3250,2.5577919113
379,3250,3919,8.51184967035
379,3919,3920,4.64431637261
379,3920,3271,1.13974169469
379,3271,3269,2.63225435976
379,3269,2397,9.90755426056
379,2397,3728,81.3415163206
379,3728,3577,44.171675332
379,3577,49,10.5139510666
379,49,90,4.09143510562
380,3253,3250,2.5577919113
380,3250,3316,20.9329460909
380,3316,507,115.858101726
380,507,189,52.4316478383
380,189,24,5.03335725547
380,24,5485,1.10341144146
380,5485,6789,1.49114218256
380,6789,5503,1.22842305113
380,5503,94,2.17049353802
381,3253,3250,2.5577919113
381,3250,3316,20.9329460909
381,3316,3144,26.5160697642
381,3144,507,89.342893262
381,507,189,52.4316478383
381,189,24,5.03335725547
381,24,5485,1.10341144146
381,5485,6789,1.49114218256
381,6789,5503,1.22842305113
381,5503,94,2.17049353802
382,3253,3250,2.5577919113
382,3250,3316,20.9329460909
382,3316,3144,26.5160697642
382,3144,2194,24.3182749167
382,2194,507,65.0251993776
382,507,189,52.4316478383
382,189,24,5.03335725547
382,24,5485,1.10341144146
382,5485,6789,1.49114218256
382,6789,5503,1.22842305113
382,5503,94,2.17049353802
383,3253,3240,9.79743990773
383,3240,3940,5.73030158111
383,3940,3361,43.9506069463
383,3361,1959,50.6464246617
383,1959,4075,10.8321236994
383,4075,1991,1.65923708442
384,3253,3240,9.79743990773
384,3240,3940,5.73030158111
384,3940,3361,43.9506069463
384,3361,1959,50.6464246617
384,1959,4075,10.8321236994
384,4075,1992,0.167576676793
384,1992,1991,1.49402563601
385,3253,3240,9.79743990773
385,3240,8401,4.93953497804
385,8401,3940,1.10971292367
385,3940,3361,43.9506069463
385,3361,1959,50.6464246617
385,1959,4075,10.8321236994
385,4075,1991,1.65923708442
386,3253,3240,9.79743990773
386,3240,3940,5.73030158111
386,3940,3361,43.9506069463
386,3361,1959,50.6464246617
386,1959,4075,10.8321236994
386,4075,1990,3.24712021037
387,3253,3240,9.79743990773
387,3240,3940,5.73030158111
387,3940,3361,43.9506069463
387,3361,1959,50.6464246617
387,1959,4075,10.8321236994
387,4075,1975,2.79610282612
387,1975,1990,0.593491837974
388,3253,3240,9.79743990773
388,3240,8401,4.93953497804
388,8401,3940,1.10971292367
388,3940,3361,43.9506069463
388,3361,1959,50.6464246617
388,1959,4075,10.8321236994
388,4075,1990,3.24712021037
389,3253,3250,2.5577919113
389,3250,3316,20.9329460909
389,3316,3205,9.83460853991
390,3253,3250,2.5577919113
390,3250,3919,8.51184967035
390,3919,3316,13.1630613084
390,3316,3205,9.83460853991
391,3253,3250,2.5577919113
391,3250,3316,20.9329460909
391,3316,3304,2.67652517659
391,3304,3205,9.4657413166
392,3253,3250,2.5577919113
392,3250,3316,20.9329460909
392,3316,3205,9.83460853991
392,3205,3204,2.73696043906
393,3253,3250,2.5577919113
393,3250,3919,8.51184967035
393,3919,3316,13.1630613084
393,3316,3205,9.83460853991
393,3205,3204,2.73696043906
394,3253,3250,2.5577919113
394,3250,3316,20.9329460909
394,3316,3304,2.67652517659
394,3304,3205,9.4657413166
394,3205,3204,2.73696043906
395,3253,3250,2.5577919113
395,3250,3316,20.9329460909
395,3316,3304,2.67652517659
395,3304,2074,65.7281401034
395,2074,210,38.4554148254
395,210,1638,12.5269588809
395,1638,1629,17.9548895901
395,1629,1627,0.99543422332
396,3253,3250,2.5577919113
396,3250,3316,20.9329460909
396,3316,2072,67.9498818753
396,2072,210,38.950022867
396,210,1638,12.5269588809
396,1638,1629,17.9548895901
396,1629,1627,0.99543422332
397,3253,3250,2.5577919113
397,3250,3316,20.9329460909
397,3316,2072,67.9498818753
397,2072,1157,28.222618359
397,1157,210,10.7282686196
397,210,1638,12.5269588809
397,1638,1629,17.9548895901
397,1629,1627,0.99543422332
398,3253,3250,2.5577919113
398,3250,3316,20.9329460909
398,3316,1218,109.464759277
398,1218,1226,9.32532005168
398,1226,1626,1.92480292443
399,3253,3250,2.5577919113
399,3250,3316,20.9329460909
399,3316,2082,61.9681383941
399,2082,1128,16.1416218554
399,1128,1218,31.3841711589
399,1218,1226,9.32532005168
399,1226,1626,1.92480292443
400,3253,3250,2.5577919113
400,3250,3316,20.9329460909
400,3316,2082,61.9681383941
400,2082,2089,10.6403698165
400,2089,1128,5.50125397831
400,1128,1218,31.3841711589
400,1218,1226,9.32532005168
400,1226,1626,1.92480292443
401,3253,3240,9.79743990773
401,3240,3940,5.73030158111
401,3940,5,32.0605398671
401,5,4074,12.8350006698
401,4074,1997,11.6929412918
402,3253,3240,9.79743990773
402,3240,8401,4.93953497804
402,8401,3940,1.10971292367
402,3940,5,32.0605398671
402,5,4074,12.8350006698
402,4074,1997,11.6929412918
403,3253,3250,2.5577919113
403,3250,3240,8.51834875744
403,3240,3940,5.73030158111
403,3940,5,32.0605398671
403,5,4074,12.8350006698
403,4074,1997,11.6929412918
